[154, 42, 154, 34, 171, 20, 281, 64, 226, 262, 238, 504]
[155, 41, 151, 35, 174, 40, 281, 64, 226, 267, 234, 505]
[154, 42, 154, 33, 173, 25, 280, 64, 226, 264, 237, 508]
[155, 41, 155, 35, 173, 26, 280, 64, 226, 263, 237, 509]
[156, 41, 152, 35, 173, 35, 280, 63, 226, 266, 235, 507]
[155, 42, 154, 34, 172, 20, 279, 64, 225, 262, 238, 505]
[156, 40, 151, 34, 174, 41, 279, 63, 226, 268, 235, 505]
[155, 41, 153, 34, 173, 25, 279, 64, 226, 263, 237, 509]
[154, 43, 154, 34, 173, 27, 279, 64, 226, 264, 238, 510]
[155, 42, 153, 35, 174, 36, 279, 63, 227, 266, 236, 508]
[154, 42, 153, 33, 173, 19, 279, 64, 226, 263, 238, 505]
[158, 41, 152, 35, 174, 43, 278, 64, 226, 269, 235, 506]
[155, 42, 154, 34, 173, 25, 280, 65, 226, 264, 237, 508]
[155, 42, 154, 33, 174, 25, 278, 64, 225, 263, 237, 509]
[155, 42, 153, 35, 174, 37, 280, 64, 226, 266, 236, 507]
[154, 42, 153, 34, 171, 21, 279, 64, 226, 262, 238, 506]
[156, 41, 151, 35, 174, 43, 279, 63, 227, 268, 235, 505]
[155, 42, 153, 33, 173, 26, 279, 64, 226, 264, 237, 508]
[156, 42, 154, 34, 173, 30, 279, 64, 226, 264, 237, 511]
[156, 42, 153, 34, 173, 39, 279, 63, 226, 266, 235, 508]
[155, 42, 154, 33, 171, 21, 280, 64, 226, 262, 237, 506]
[157, 40, 152, 35, 173, 43, 279, 63, 226, 269, 235, 506]
[155, 41, 154, 35, 173, 24, 281, 63, 226, 264, 236, 508]
[155, 42, 152, 34, 173, 26, 280, 64, 226, 265, 237, 510]
[156, 41, 153, 34, 174, 36, 279, 63, 227, 267, 236, 508]
[155, 42, 154, 33, 172, 20, 278, 65, 225, 261, 238, 503]
[156, 42, 151, 35, 174, 42, 279, 64, 226, 268, 235, 505]
[154, 41, 155, 34, 173, 25, 279, 63, 226, 263, 236, 508]
[155, 41, 154, 35, 173, 30, 280, 64, 226, 263, 237, 508]
[156, 41, 152, 35, 173, 36, 279, 64, 226, 265, 236, 509]
[156, 42, 154, 33, 172, 23, 279, 64, 226, 262, 238, 504]
[156, 41, 152, 34, 174, 43, 279, 64, 227, 268, 236, 506]
[155, 41, 155, 33, 172, 25, 279, 63, 226, 264, 237, 507]
[155, 42, 154, 34, 173, 29, 280, 64, 227, 264, 237, 511]
[156, 41, 153, 34, 174, 36, 280, 63, 227, 265, 236, 510]
[155, 42, 154, 34, 171, 23, 280, 64, 225, 262, 238, 504]
[156, 41, 151, 35, 174, 45, 279, 64, 227, 268, 235, 506]
[154, 42, 154, 34, 173, 27, 280, 64, 227, 264, 237, 508]
[156, 41, 154, 34, 172, 30, 279, 64, 226, 264, 237, 510]
[156, 41, 153, 34, 174, 35, 279, 63, 226, 265, 235, 509]
[155, 42, 153, 34, 172, 22, 280, 63, 226, 262, 238, 505]
[157, 42, 151, 36, 173, 44, 279, 64, 226, 268, 236, 506]
[155, 42, 154, 34, 173, 25, 279, 64, 226, 264, 238, 507]
[156, 41, 152, 33, 173, 29, 280, 64, 227, 264, 237, 510]
[156, 41, 153, 35, 173, 36, 280, 65, 227, 265, 236, 511]
[156, 42, 153, 34, 171, 22, 280, 64, 226, 262, 237, 504]
[156, 41, 152, 33, 173, 45, 279, 64, 227, 268, 235, 506]
[156, 42, 154, 34, 172, 25, 279, 65, 226, 262, 237, 507]
[156, 42, 153, 34, 173, 31, 279, 64, 227, 264, 237, 510]
[155, 41, 153, 33, 173, 36, 280, 63, 226, 266, 235, 510]
[155, 42, 154, 33, 171, 22, 279, 65, 226, 262, 238, 503]
[156, 42, 151, 34, 173, 44, 279, 63, 227, 268, 234, 505]
[157, 41, 154, 34, 173, 24, 280, 65, 227, 263, 237, 508]
[156, 42, 152, 34, 173, 30, 279, 64, 226, 264, 238, 510]
[155, 42, 153, 35, 173, 36, 280, 64, 226, 266, 237, 511]
[154, 42, 154, 34, 171, 21, 281, 64, 226, 261, 238, 502]
[157, 40, 151, 35, 174, 44, 279, 64, 227, 268, 236, 506]
[156, 41, 153, 34, 172, 24, 281, 64, 225, 263, 238, 507]
[156, 42, 153, 34, 173, 30, 279, 65, 227, 264, 237, 511]
[156, 41, 153, 35, 173, 34, 280, 63, 226, 266, 235, 511]
[156, 42, 153, 34, 171, 20, 280, 65, 227, 261, 238, 503]
[156, 41, 151, 34, 173, 42, 279, 65, 227, 268, 236, 507]
[155, 41, 154, 34, 173, 24, 279, 64, 227, 263, 238, 507]
[156, 41, 154, 34, 173, 27, 280, 66, 225, 265, 238, 508]
[157, 42, 153, 33, 172, 33, 280, 63, 226, 266, 236, 510]
[155, 41, 154, 33, 171, 20, 279, 65, 226, 261, 238, 504]
[157, 41, 151, 34, 173, 42, 280, 64, 227, 268, 235, 506]
[157, 42, 154, 34, 173, 24, 279, 64, 226, 263, 238, 506]
[155, 42, 152, 34, 173, 26, 280, 64, 226, 265, 237, 508]
[155, 42, 153, 34, 172, 32, 279, 64, 227, 267, 236, 511]
[154, 41, 154, 34, 171, 19, 280, 65, 226, 262, 238, 504]
[156, 41, 151, 34, 174, 40, 280, 64, 227, 268, 236, 507]
[155, 41, 153, 33, 172, 25, 280, 64, 226, 263, 236, 506]
[156, 41, 154, 34, 173, 28, 280, 64, 227, 264, 237, 508]
[156, 41, 153, 34, 173, 36, 280, 64, 227, 266, 237, 510]
[155, 42, 153, 32, 171, 22, 280, 65, 226, 262, 238, 503]
[156, 41, 152, 34, 174, 46, 280, 64, 227, 268, 236, 506]
[154, 41, 154, 34, 172, 25, 281, 65, 226, 263, 237, 506]
[155, 42, 154, 34, 173, 31, 280, 63, 226, 264, 238, 510]
[154, 41, 153, 35, 173, 37, 279, 63, 226, 267, 236, 510]
[153, 42, 154, 34, 171, 23, 280, 65, 226, 262, 237, 504]
[154, 41, 151, 34, 173, 47, 280, 65, 227, 268, 234, 506]
[154, 41, 153, 34, 173, 27, 279, 64, 226, 263, 237, 507]
[154, 41, 152, 34, 173, 35, 279, 64, 227, 264, 238, 509]
[155, 41, 153, 34, 172, 39, 279, 63, 227, 267, 236, 512]
[153, 41, 155, 33, 171, 24, 280, 65, 226, 262, 238, 504]
[155, 41, 152, 35, 173, 46, 280, 64, 227, 268, 236, 506]
[154, 41, 153, 34, 172, 26, 279, 64, 227, 263, 237, 506]
[155, 41, 154, 34, 172, 33, 280, 66, 227, 264, 237, 510]
[154, 41, 153, 35, 173, 39, 280, 64, 226, 266, 236, 510]
[154, 41, 154, 33, 172, 23, 280, 65, 226, 262, 238, 503]
[155, 41, 152, 35, 173, 48, 280, 65, 227, 268, 235, 508]
[153, 41, 154, 34, 172, 27, 279, 64, 226, 263, 238, 507]
[155, 41, 153, 34, 173, 31, 281, 64, 227, 265, 237, 509]
[155, 41, 153, 35, 173, 37, 279, 64, 226, 266, 236, 510]
[152, 42, 153, 33, 170, 24, 279, 64, 226, 262, 238, 502]
[155, 40, 151, 35, 173, 47, 279, 64, 228, 268, 235, 507]
[153, 41, 153, 34, 172, 27, 280, 64, 226, 263, 238, 507]
[155, 41, 154, 34, 173, 32, 280, 64, 226, 265, 238, 510]
[154, 41, 153, 35, 173, 38, 281, 64, 227, 266, 236, 511]
[153, 42, 154, 34, 171, 25, 279, 65, 226, 262, 238, 504]
[155, 41, 152, 34, 173, 46, 281, 64, 227, 268, 235, 508]
[154, 42, 154, 34, 173, 29, 280, 64, 226, 263, 237, 506]
[155, 42, 154, 34, 173, 32, 280, 64, 227, 264, 238, 508]
[156, 41, 153, 34, 173, 39, 279, 63, 226, 267, 237, 510]
[154, 41, 154, 33, 171, 25, 281, 64, 226, 262, 238, 504]
[156, 41, 151, 35, 173, 49, 280, 64, 228, 268, 236, 507]
[155, 42, 153, 34, 173, 29, 279, 65, 227, 263, 237, 507]
[154, 41, 154, 34, 173, 33, 280, 65, 227, 265, 238, 509]
[156, 41, 153, 35, 173, 41, 279, 63, 226, 267, 236, 511]
[153, 42, 153, 33, 171, 25, 280, 64, 226, 262, 237, 503]
[154, 42, 151, 34, 173, 50, 279, 64, 227, 268, 236, 506]
[154, 42, 153, 33, 172, 29, 279, 65, 226, 263, 238, 507]
[154, 42, 154, 34, 172, 35, 281, 65, 226, 265, 238, 509]
[154, 41, 153, 35, 173, 38, 280, 63, 227, 267, 236, 510]
[153, 42, 154, 33, 171, 26, 280, 65, 226, 262, 238, 503]
[155, 40, 152, 34, 173, 47, 281, 64, 227, 268, 235, 506]
[154, 41, 154, 34, 171, 28, 279, 64, 226, 263, 238, 505]
[155, 41, 153, 34, 173, 37, 281, 65, 226, 264, 237, 509]
[154, 41, 152, 34, 173, 38, 280, 63, 227, 265, 236, 511]
[154, 41, 155, 33, 171, 25, 280, 65, 226, 262, 238, 504]
[156, 40, 152, 36, 173, 48, 279, 64, 227, 268, 235, 506]
[153, 41, 154, 33, 173, 29, 281, 65, 226, 263, 238, 505]
[155, 41, 153, 34, 172, 34, 280, 64, 226, 264, 237, 509]
[154, 42, 153, 34, 173, 41, 279, 63, 226, 266, 237, 512]
[153, 41, 155, 33, 171, 25, 280, 65, 226, 262, 238, 504]
[156, 41, 152, 35, 173, 49, 279, 64, 227, 268, 235, 506]
[154, 41, 154, 33, 172, 29, 279, 65, 226, 263, 237, 506]
[156, 42, 154, 34, 173, 35, 280, 65, 226, 264, 238, 510]
[156, 42, 152, 34, 173, 41, 279, 64, 227, 266, 237, 510]
[154, 41, 154, 32, 171, 28, 281, 65, 227, 262, 239, 503]
[156, 41, 152, 34, 173, 51, 281, 64, 227, 268, 236, 507]
[154, 41, 153, 34, 172, 31, 280, 64, 226, 263, 237, 505]
[155, 42, 154, 34, 173, 37, 280, 65, 227, 265, 238, 510]
[157, 42, 152, 35, 172, 43, 279, 63, 226, 265, 237, 511]
[154, 42, 154, 34, 171, 26, 281, 65, 226, 263, 238, 502]
[156, 41, 152, 35, 173, 52, 280, 64, 227, 268, 234, 507]
[153, 42, 153, 34, 172, 31, 280, 65, 226, 263, 238, 505]
[155, 42, 152, 34, 173, 37, 281, 65, 227, 265, 237, 508]
[154, 42, 152, 34, 173, 42, 280, 64, 227, 265, 237, 511]
[152, 41, 154, 34, 171, 28, 280, 65, 225, 262, 238, 503]
[155, 41, 151, 34, 173, 48, 280, 64, 226, 268, 236, 505]
[155, 42, 154, 33, 171, 33, 280, 65, 226, 263, 238, 507]
[155, 42, 153, 34, 172, 40, 280, 64, 226, 264, 238, 511]
[154, 41, 152, 34, 173, 42, 280, 64, 226, 266, 237, 511]
[153, 41, 154, 33, 171, 29, 280, 65, 226, 263, 237, 502]
[155, 40, 152, 34, 173, 48, 279, 64, 227, 268, 236, 505]
[154, 42, 153, 33, 171, 31, 280, 65, 227, 263, 238, 504]
[155, 41, 154, 34, 173, 39, 279, 65, 227, 265, 237, 509]
[154, 41, 152, 34, 173, 42, 280, 64, 227, 267, 237, 510]
[153, 42, 154, 34, 171, 28, 280, 65, 226, 262, 238, 502]
[154, 41, 152, 35, 173, 54, 280, 64, 227, 268, 235, 507]
[153, 40, 153, 34, 171, 31, 278, 65, 226, 263, 238, 505]
[154, 40, 154, 34, 173, 41, 279, 65, 227, 265, 236, 510]
[155, 40, 153, 34, 173, 41, 280, 64, 226, 266, 237, 511]
[153, 42, 154, 33, 171, 29, 281, 65, 226, 262, 238, 503]
[156, 41, 151, 34, 173, 55, 279, 64, 227, 268, 236, 507]
[153, 42, 154, 33, 171, 32, 280, 65, 227, 262, 238, 504]
[155, 42, 153, 34, 173, 39, 280, 65, 226, 265, 237, 509]
[155, 41, 153, 34, 173, 42, 281, 64, 226, 265, 236, 511]
[153, 42, 154, 34, 171, 29, 280, 65, 226, 262, 238, 504]
[155, 41, 152, 34, 173, 51, 280, 64, 227, 268, 235, 507]
[153, 41, 154, 33, 171, 31, 279, 65, 226, 262, 238, 505]
[154, 41, 152, 34, 173, 39, 280, 64, 227, 265, 236, 510]
[153, 40, 152, 34, 173, 43, 280, 63, 228, 265, 237, 511]
[153, 42, 154, 34, 171, 29, 281, 65, 226, 262, 239, 504]
[155, 40, 151, 34, 174, 52, 279, 63, 227, 268, 236, 506]
[155, 41, 154, 34, 171, 30, 280, 65, 226, 263, 238, 506]
[155, 42, 153, 34, 173, 39, 280, 64, 227, 265, 237, 510]
[153, 42, 153, 34, 172, 37, 279, 64, 226, 266, 237, 511]
[154, 41, 154, 32, 171, 28, 280, 65, 226, 262, 238, 503]
[155, 41, 152, 34, 173, 51, 279, 64, 227, 268, 236, 507]
[153, 41, 154, 32, 172, 29, 279, 65, 226, 263, 238, 507]
[155, 41, 152, 34, 173, 39, 280, 64, 227, 265, 236, 511]
[154, 42, 153, 34, 173, 40, 280, 64, 226, 265, 236, 511]
[153, 41, 154, 32, 171, 28, 280, 64, 226, 262, 237, 504]
[156, 41, 152, 34, 173, 53, 280, 64, 228, 268, 235, 507]
[154, 41, 154, 33, 172, 30, 281, 64, 226, 263, 238, 504]
[153, 41, 152, 34, 173, 39, 280, 64, 227, 266, 236, 511]
[154, 41, 153, 34, 172, 37, 280, 64, 226, 265, 236, 511]
[154, 41, 154, 34, 171, 28, 281, 65, 226, 262, 238, 503]
[155, 41, 152, 34, 173, 51, 280, 64, 227, 268, 235, 507]
[154, 42, 154, 33, 170, 30, 281, 65, 226, 262, 238, 504]
[156, 42, 152, 34, 173, 40, 281, 64, 227, 265, 237, 510]
[155, 41, 152, 34, 174, 39, 280, 64, 226, 265, 236, 510]
[153, 41, 153, 33, 171, 29, 280, 65, 226, 261, 238, 504]
[155, 41, 152, 34, 174, 53, 281, 64, 227, 268, 235, 506]
[152, 40, 154, 33, 171, 29, 280, 65, 226, 263, 238, 505]
[154, 42, 152, 34, 173, 41, 281, 65, 227, 265, 236, 511]
[156, 42, 153, 34, 173, 41, 279, 64, 227, 265, 236, 511]
[155, 42, 154, 33, 171, 31, 280, 66, 226, 262, 237, 504]
[155, 41, 152, 35, 173, 52, 279, 64, 228, 268, 236, 506]
[153, 42, 154, 34, 171, 32, 280, 65, 225, 261, 237, 504]
[154, 42, 153, 34, 173, 42, 280, 64, 227, 266, 237, 511]
[155, 41, 153, 34, 174, 41, 280, 64, 227, 265, 236, 511]
[152, 42, 154, 33, 171, 29, 279, 65, 226, 261, 238, 504]
[155, 41, 152, 34, 174, 53, 278, 64, 227, 268, 235, 506]
[153, 41, 153, 33, 171, 31, 280, 65, 226, 262, 238, 503]
[155, 42, 153, 34, 173, 43, 280, 65, 227, 265, 236, 511]
[153, 42, 153, 34, 173, 40, 280, 64, 227, 265, 236, 510]
[152, 41, 155, 34, 171, 27, 279, 65, 227, 262, 239, 504]
[155, 40, 152, 34, 174, 53, 279, 64, 227, 268, 235, 506]
[153, 41, 155, 33, 171, 32, 280, 65, 225, 262, 239, 505]
[155, 41, 154, 34, 172, 41, 280, 64, 226, 265, 236, 510]
[153, 40, 154, 34, 172, 39, 280, 64, 226, 264, 236, 512]
[152, 41, 154, 33, 171, 28, 280, 65, 226, 263, 238, 504]
[154, 39, 152, 33, 173, 55, 280, 64, 227, 268, 235, 506]
[153, 42, 153, 34, 172, 33, 281, 65, 227, 262, 238, 504]
[154, 41, 153, 34, 173, 44, 281, 64, 226, 265, 236, 511]
[154, 41, 153, 34, 172, 43, 280, 64, 228, 266, 237, 510]
[152, 43, 153, 33, 171, 31, 280, 65, 226, 261, 237, 504]
[154, 41, 152, 34, 173, 51, 279, 65, 227, 268, 235, 506]
[152, 41, 154, 34, 172, 33, 280, 65, 227, 262, 238, 504]
[153, 41, 152, 34, 173, 43, 280, 65, 226, 264, 236, 511]
[154, 41, 152, 34, 173, 42, 279, 63, 226, 266, 236, 510]
[154, 43, 154, 34, 171, 32, 279, 64, 226, 262, 239, 503]
[155, 40, 152, 34, 174, 53, 279, 64, 227, 268, 236, 506]
[153, 41, 155, 33, 171, 33, 281, 65, 225, 263, 237, 505]
[153, 42, 152, 34, 172, 41, 280, 64, 226, 266, 236, 511]
[155, 42, 153, 34, 173, 38, 279, 64, 227, 265, 236, 511]
[152, 41, 154, 33, 171, 31, 280, 65, 226, 262, 237, 503]
[155, 41, 151, 34, 173, 51, 279, 64, 227, 267, 235, 507]
[153, 42, 154, 34, 171, 30, 281, 65, 226, 263, 238, 505]
[155, 42, 153, 34, 173, 43, 281, 65, 226, 265, 237, 510]
[156, 41, 154, 34, 173, 41, 281, 64, 227, 265, 236, 512]
[153, 41, 154, 33, 171, 31, 280, 64, 226, 261, 238, 503]
[154, 41, 152, 34, 174, 51, 281, 64, 227, 268, 235, 507]
[154, 42, 153, 34, 172, 32, 281, 65, 226, 262, 238, 504]
[154, 42, 154, 34, 173, 42, 280, 64, 226, 265, 236, 511]
[154, 42, 153, 34, 173, 39, 281, 64, 227, 264, 237, 510]
[154, 42, 154, 33, 171, 28, 281, 64, 226, 262, 238, 503]
[155, 40, 151, 35, 173, 50, 280, 64, 227, 268, 236, 507]
[154, 41, 154, 33, 172, 29, 280, 65, 226, 262, 238, 505]
[155, 41, 153, 34, 173, 37, 280, 64, 227, 265, 236, 510]
[155, 42, 153, 34, 172, 39, 280, 64, 226, 265, 236, 511]
[154, 41, 154, 33, 171, 29, 281, 64, 226, 262, 239, 504]
[156, 40, 152, 35, 173, 47, 279, 64, 227, 268, 235, 507]
[152, 41, 153, 33, 172, 29, 280, 65, 226, 262, 238, 505]
[154, 41, 153, 34, 173, 39, 281, 64, 227, 266, 237, 510]
[154, 41, 153, 34, 173, 39, 280, 65, 226, 265, 236, 510]
[153, 41, 154, 33, 171, 27, 279, 65, 226, 262, 238, 504]
[155, 41, 152, 34, 173, 51, 280, 64, 227, 268, 235, 506]
[154, 42, 154, 34, 172, 29, 280, 65, 226, 262, 237, 504]
[155, 41, 153, 34, 173, 41, 280, 64, 227, 265, 237, 511]
[155, 41, 153, 34, 172, 39, 280, 64, 227, 265, 236, 511]
[153, 42, 154, 33, 171, 29, 280, 65, 226, 263, 237, 502]
[156, 41, 152, 35, 173, 51, 280, 64, 227, 268, 235, 506]
[152, 41, 153, 33, 171, 29, 279, 65, 226, 263, 237, 505]
[154, 41, 153, 34, 173, 40, 279, 64, 227, 265, 237, 511]
[154, 42, 153, 34, 173, 39, 281, 64, 226, 265, 236, 511]
[153, 42, 154, 33, 171, 25, 280, 65, 226, 262, 239, 503]
[154, 40, 152, 35, 173, 48, 280, 64, 227, 268, 235, 508]
[153, 42, 154, 33, 171, 28, 281, 65, 227, 263, 238, 505]
[153, 43, 152, 34, 172, 34, 280, 64, 227, 265, 236, 511]
[154, 42, 153, 34, 173, 31, 279, 65, 226, 266, 236, 511]
[154, 42, 154, 33, 171, 22, 281, 65, 226, 262, 237, 505]
[156, 41, 152, 34, 173, 42, 281, 64, 227, 268, 235, 507]
[153, 41, 154, 33, 171, 22, 280, 65, 226, 263, 238, 505]
[155, 41, 152, 34, 173, 34, 280, 64, 226, 267, 237, 512]
[155, 40, 153, 34, 173, 32, 280, 64, 226, 265, 237, 509]
[154, 41, 154, 33, 171, 22, 281, 65, 226, 262, 239, 504]
[155, 40, 152, 35, 173, 43, 280, 64, 227, 268, 235, 506]
[154, 42, 155, 34, 172, 22, 281, 65, 226, 263, 238, 504]
[156, 41, 153, 34, 173, 36, 281, 64, 226, 265, 237, 511]
[154, 42, 153, 34, 173, 31, 279, 63, 227, 264, 237, 511]
[154, 41, 154, 33, 171, 23, 281, 65, 226, 262, 237, 503]
[155, 40, 152, 35, 173, 44, 280, 63, 226, 268, 235, 507]
[153, 41, 154, 34, 171, 25, 281, 65, 226, 262, 238, 504]
[155, 41, 153, 34, 173, 36, 280, 64, 227, 266, 237, 511]
[155, 42, 153, 34, 173, 31, 280, 64, 227, 265, 237, 510]
[154, 41, 154, 33, 172, 24, 281, 66, 226, 262, 238, 504]
[155, 41, 152, 34, 174, 43, 281, 64, 227, 268, 236, 508]
[154, 40, 155, 33, 172, 23, 279, 65, 226, 262, 238, 505]
[156, 41, 152, 34, 173, 36, 279, 64, 227, 267, 237, 511]
[156, 41, 153, 34, 173, 32, 280, 65, 226, 265, 236, 509]
[156, 42, 153, 33, 171, 23, 280, 65, 226, 263, 239, 504]
[156, 41, 152, 35, 174, 43, 279, 63, 227, 268, 235, 507]
[155, 42, 153, 33, 171, 24, 280, 65, 226, 262, 237, 504]
[158, 41, 152, 34, 173, 36, 281, 64, 227, 265, 237, 512]
[156, 41, 153, 34, 173, 31, 280, 64, 227, 264, 237, 510]
[156, 42, 154, 33, 171, 22, 280, 65, 226, 262, 237, 504]
[158, 41, 152, 34, 173, 42, 282, 64, 227, 268, 235, 507]
[156, 41, 154, 33, 171, 23, 280, 65, 226, 262, 237, 504]
[158, 42, 152, 34, 174, 36, 280, 64, 226, 266, 237, 512]
[158, 42, 155, 34, 173, 31, 280, 65, 226, 265, 236, 509]
[159, 41, 153, 32, 171, 23, 280, 65, 226, 262, 237, 505]
[158, 41, 152, 35, 172, 43, 280, 64, 227, 268, 235, 507]
[155, 42, 153, 33, 171, 24, 279, 65, 226, 262, 237, 504]
[157, 41, 152, 34, 173, 35, 280, 64, 228, 265, 237, 511]
[157, 42, 154, 34, 173, 32, 281, 65, 227, 265, 236, 510]
[155, 41, 155, 34, 171, 23, 280, 65, 226, 263, 239, 504]
[157, 42, 152, 34, 173, 44, 281, 65, 227, 268, 235, 506]
[156, 42, 153, 33, 171, 24, 280, 65, 226, 262, 238, 504]
[158, 41, 152, 34, 173, 38, 281, 64, 227, 266, 237, 511]
[156, 42, 155, 34, 173, 32, 281, 65, 227, 265, 236, 510]
[156, 42, 155, 33, 171, 23, 281, 65, 226, 262, 237, 505]
[158, 42, 152, 34, 173, 44, 280, 64, 227, 268, 236, 506]
[158, 41, 153, 34, 172, 22, 281, 65, 226, 262, 237, 505]
[158, 41, 152, 34, 172, 35, 280, 64, 227, 265, 237, 512]
[156, 41, 153, 34, 173, 34, 281, 64, 227, 265, 237, 510]
[155, 41, 154, 33, 171, 22, 281, 65, 226, 262, 238, 503]
[156, 40, 152, 34, 174, 44, 280, 64, 228, 268, 235, 506]
[155, 41, 154, 34, 171, 23, 281, 65, 226, 262, 238, 504]
[155, 41, 152, 35, 173, 33, 281, 64, 226, 265, 237, 511]
[156, 42, 153, 34, 173, 32, 281, 64, 227, 264, 236, 509]
[155, 42, 154, 33, 171, 21, 280, 65, 226, 262, 237, 503]
[157, 40, 152, 35, 173, 43, 279, 64, 227, 268, 235, 506]
[156, 41, 155, 33, 171, 23, 281, 65, 226, 263, 238, 505]
[159, 41, 152, 34, 173, 33, 281, 64, 227, 267, 236, 512]
[157, 42, 153, 34, 173, 31, 280, 63, 226, 265, 237, 509]
[156, 41, 154, 33, 172, 21, 281, 65, 226, 262, 238, 504]
[157, 41, 152, 34, 173, 42, 280, 64, 227, 268, 235, 506]
[155, 42, 153, 33, 172, 21, 280, 65, 226, 262, 238, 504]
[157, 40, 153, 35, 173, 32, 280, 64, 227, 266, 237, 512]
[155, 41, 154, 34, 173, 28, 279, 64, 227, 265, 236, 511]
[155, 41, 154, 33, 172, 21, 279, 65, 226, 263, 238, 504]
[157, 39, 152, 35, 173, 41, 281, 65, 227, 268, 235, 506]
[155, 42, 155, 33, 171, 20, 280, 65, 226, 262, 238, 505]
[156, 41, 152, 34, 173, 33, 281, 65, 227, 267, 236, 512]
[157, 42, 154, 34, 173, 29, 281, 64, 227, 265, 237, 508]
[157, 42, 153, 34, 171, 21, 280, 65, 226, 262, 238, 505]
[159, 41, 152, 35, 173, 40, 279, 64, 227, 268, 235, 506]
[157, 41, 153, 34, 172, 22, 280, 65, 226, 262, 238, 504]
[158, 41, 152, 33, 173, 34, 280, 64, 227, 265, 237, 511]
[159, 42, 153, 34, 173, 29, 280, 64, 227, 264, 236, 510]
[157, 42, 153, 33, 172, 21, 281, 65, 226, 262, 237, 504]
[158, 41, 152, 34, 174, 42, 280, 64, 227, 268, 235, 507]
[157, 42, 153, 33, 171, 21, 282, 65, 226, 262, 237, 504]
[158, 41, 153, 34, 174, 36, 281, 64, 227, 266, 237, 512]
[157, 41, 154, 34, 173, 29, 281, 65, 227, 264, 237, 510]
[156, 42, 153, 32, 171, 22, 280, 65, 226, 262, 238, 504]
[158, 41, 152, 34, 173, 41, 280, 64, 227, 268, 235, 506]
[155, 41, 153, 34, 171, 22, 280, 64, 226, 262, 237, 504]
[156, 41, 154, 34, 173, 34, 281, 64, 226, 267, 236, 512]
[156, 41, 154, 34, 173, 29, 279, 64, 227, 265, 236, 510]
[156, 42, 155, 33, 172, 20, 280, 65, 226, 262, 237, 505]
[157, 41, 151, 34, 173, 38, 280, 64, 227, 268, 235, 508]
[155, 42, 153, 33, 172, 21, 281, 65, 227, 262, 238, 505]
[158, 41, 152, 34, 173, 36, 279, 64, 228, 265, 236, 510]
[157, 41, 154, 34, 173, 28, 280, 65, 226, 264, 237, 509]
[156, 41, 154, 34, 172, 23, 281, 65, 226, 263, 238, 504]
[157, 41, 152, 34, 173, 40, 281, 64, 227, 268, 235, 506]
[156, 42, 153, 34, 171, 22, 282, 65, 226, 262, 238, 505]
[157, 41, 153, 35, 173, 36, 280, 64, 227, 266, 236, 510]
[157, 41, 154, 35, 173, 27, 279, 63, 227, 264, 237, 511]
[157, 42, 154, 34, 172, 20, 281, 65, 225, 262, 238, 505]
[158, 41, 152, 35, 173, 40, 281, 64, 226, 268, 235, 506]
[157, 42, 153, 34, 172, 19, 280, 65, 226, 262, 238, 504]
[157, 42, 152, 35, 174, 36, 280, 64, 226, 267, 236, 509]
[156, 41, 154, 34, 173, 26, 280, 63, 227, 264, 237, 510]
[157, 41, 154, 34, 173, 20, 282, 65, 226, 263, 237, 504]
[157, 40, 152, 35, 173, 39, 280, 64, 227, 267, 235, 507]
[155, 41, 154, 34, 172, 19, 280, 65, 226, 261, 237, 504]
[158, 41, 153, 34, 174, 34, 280, 64, 227, 266, 236, 509]
[157, 41, 154, 34, 173, 25, 281, 64, 226, 264, 237, 510]
[155, 42, 154, 34, 171, 22, 281, 64, 226, 262, 238, 505]
[156, 41, 152, 34, 174, 37, 281, 64, 227, 268, 234, 507]
[155, 43, 154, 34, 171, 19, 280, 65, 226, 262, 237, 505]
[157, 41, 153, 35, 174, 34, 281, 64, 227, 266, 236, 510]
[157, 41, 153, 34, 174, 26, 280, 63, 226, 264, 236, 510]
[156, 42, 154, 34, 173, 20, 282, 65, 226, 263, 238, 505]
[159, 41, 153, 35, 173, 36, 281, 64, 227, 268, 235, 507]
[156, 42, 154, 34, 172, 20, 280, 65, 226, 261, 238, 505]
[157, 41, 153, 35, 174, 35, 280, 64, 227, 267, 236, 510]
[158, 42, 154, 35, 173, 25, 281, 64, 226, 264, 237, 510]
[158, 41, 154, 33, 173, 21, 281, 65, 226, 263, 238, 507]
[159, 42, 152, 35, 174, 37, 281, 64, 226, 267, 235, 507]
[156, 42, 154, 33, 171, 19, 281, 64, 226, 261, 237, 505]
[157, 42, 152, 35, 173, 37, 281, 64, 227, 266, 235, 508]
[157, 40, 154, 34, 172, 26, 281, 63, 226, 264, 237, 509]
[158, 43, 154, 34, 173, 23, 280, 65, 225, 263, 237, 505]
[158, 41, 153, 35, 174, 37, 281, 64, 226, 267, 235, 506]
[157, 42, 154, 33, 172, 20, 280, 64, 226, 262, 238, 503]
[157, 40, 152, 34, 174, 37, 280, 63, 227, 267, 236, 508]
[157, 42, 154, 34, 173, 25, 281, 64, 226, 264, 237, 509]
[157, 42, 155, 34, 172, 22, 280, 64, 226, 263, 237, 506]
[158, 42, 152, 35, 174, 37, 279, 63, 227, 267, 235, 506]
[156, 42, 154, 35, 172, 19, 281, 64, 225, 262, 238, 504]
[159, 42, 152, 34, 173, 35, 281, 64, 226, 266, 236, 508]
[158, 42, 154, 34, 173, 24, 280, 64, 226, 264, 237, 510]
[157, 41, 155, 34, 172, 22, 280, 64, 226, 263, 237, 507]
[158, 41, 152, 34, 174, 37, 279, 63, 226, 267, 235, 506]
[158, 42, 155, 34, 173, 19, 279, 65, 225, 263, 238, 504]
[159, 42, 152, 35, 173, 36, 280, 64, 226, 267, 236, 509]
[157, 42, 154, 35, 172, 26, 280, 64, 226, 264, 237, 509]
[158, 42, 153, 34, 172, 24, 280, 63, 226, 263, 238, 507]
[159, 42, 152, 35, 174, 38, 280, 64, 227, 269, 235, 506]
[156, 43, 154, 33, 172, 20, 280, 64, 225, 262, 237, 504]
[158, 42, 152, 35, 173, 37, 280, 64, 226, 267, 235, 508]
[157, 42, 154, 35, 173, 25, 282, 64, 227, 264, 236, 509]
[158, 43, 155, 34, 172, 23, 280, 64, 225, 263, 237, 506]
[158, 41, 154, 35, 174, 38, 281, 64, 226, 266, 235, 507]
[156, 42, 154, 34, 173, 19, 280, 64, 225, 263, 237, 505]
[158, 42, 153, 34, 173, 37, 279, 64, 226, 266, 235, 506]
[158, 42, 154, 34, 173, 25, 280, 63, 227, 264, 236, 510]
[157, 42, 154, 34, 172, 23, 281, 65, 226, 263, 237, 507]
[158, 41, 153, 36, 175, 36, 280, 64, 226, 266, 235, 507]
[157, 42, 155, 34, 173, 18, 280, 65, 226, 262, 238, 506]
[158, 42, 152, 34, 173, 35, 280, 64, 226, 267, 236, 507]
[158, 42, 154, 34, 173, 24, 280, 63, 226, 264, 235, 510]
[157, 41, 155, 34, 173, 22, 280, 64, 225, 264, 237, 508]
[157, 42, 153, 34, 174, 40, 281, 63, 226, 267, 235, 507]
[154, 41, 154, 34, 173, 21, 279, 65, 225, 262, 238, 505]
[158, 43, 152, 34, 173, 39, 281, 63, 227, 267, 235, 506]
[156, 41, 154, 34, 172, 27, 280, 63, 226, 264, 238, 509]
[156, 42, 155, 34, 172, 25, 281, 65, 227, 263, 237, 507]
[155, 41, 152, 35, 174, 38, 280, 64, 226, 267, 235, 507]
[157, 41, 155, 34, 173, 21, 280, 65, 226, 262, 238, 504]
[157, 41, 153, 35, 173, 39, 279, 65, 227, 268, 235, 508]
[158, 41, 155, 33, 173, 26, 280, 63, 226, 264, 236, 508]
[156, 41, 155, 34, 172, 24, 281, 64, 227, 263, 238, 507]
[159, 41, 152, 34, 174, 40, 281, 64, 227, 268, 235, 507]
[157, 41, 153, 33, 173, 20, 280, 65, 226, 262, 238, 503]
[159, 40, 152, 34, 173, 39, 281, 64, 226, 267, 235, 508]
[156, 41, 155, 34, 173, 27, 281, 64, 227, 264, 236, 509]
[158, 41, 154, 34, 173, 25, 280, 64, 226, 263, 236, 507]
[158, 42, 153, 35, 174, 39, 279, 65, 227, 266, 235, 506]
[156, 41, 154, 34, 172, 21, 280, 65, 226, 262, 238, 503]
[157, 42, 152, 34, 173, 41, 279, 65, 227, 267, 235, 507]
[157, 41, 155, 34, 172, 29, 280, 63, 227, 264, 237, 508]
[158, 42, 153, 34, 173, 35, 281, 65, 225, 264, 236, 507]
[157, 41, 152, 34, 173, 62, 281, 64, 227, 267, 236, 508]
[156, 42, 154, 34, 172, 52, 281, 64, 228, 261, 237, 505]
[157, 41, 153, 34, 172, 81, 281, 64, 227, 268, 236, 508]
[155, 41, 155, 34, 172, 66, 281, 64, 226, 264, 238, 508]
[157, 42, 154, 34, 172, 71, 280, 65, 227, 264, 237, 508]
[158, 42, 152, 33, 172, 91, 280, 64, 227, 268, 235, 509]
[157, 41, 153, 34, 172, 71, 281, 65, 226, 263, 238, 504]
[158, 41, 149, 33, 172, 105, 281, 64, 227, 267, 236, 507]
[156, 40, 151, 34, 173, 87, 281, 63, 226, 263, 236, 509]
[157, 40, 151, 33, 171, 91, 281, 65, 226, 262, 237, 509]
[158, 39, 149, 33, 172, 108, 280, 64, 227, 267, 236, 505]
[155, 41, 151, 32, 173, 89, 280, 65, 226, 261, 238, 508]
[159, 38, 148, 32, 172, 124, 280, 64, 227, 267, 235, 498]
[158, 38, 149, 32, 172, 108, 280, 64, 226, 264, 236, 507]
[158, 37, 148, 32, 172, 118, 280, 65, 226, 263, 236, 504]
[159, 38, 145, 31, 171, 155, 280, 63, 227, 268, 234, 495]
[160, 38, 147, 31, 170, 150, 281, 65, 226, 263, 236, 507]
[162, 39, 143, 29, 169, 250, 280, 64, 227, 270, 234, 493]
[160, 39, 146, 30, 168, 241, 280, 65, 226, 266, 234, 503]
[161, 38, 146, 30, 168, 269, 281, 66, 226, 267, 235, 502]
[162, 39, 144, 28, 167, 343, 281, 66, 227, 271, 234, 494]
[160, 37, 148, 30, 169, 256, 281, 68, 228, 268, 235, 507]
[161, 38, 144, 29, 169, 356, 280, 68, 229, 274, 234, 492]
[159, 37, 146, 30, 168, 285, 279, 68, 228, 271, 234, 501]
[159, 38, 147, 30, 168, 286, 281, 67, 229, 273, 234, 502]
[159, 38, 144, 29, 167, 346, 280, 69, 229, 279, 234, 493]
[157, 37, 149, 31, 169, 257, 280, 68, 228, 273, 235, 505]
[161, 39, 144, 29, 168, 360, 280, 69, 229, 281, 234, 491]
[161, 38, 147, 30, 168, 296, 281, 70, 229, 275, 235, 501]
[160, 38, 147, 30, 168, 300, 281, 70, 229, 275, 234, 501]
[160, 38, 145, 28, 167, 369, 280, 70, 229, 279, 233, 490]
[158, 37, 148, 30, 168, 287, 281, 70, 229, 272, 234, 504]
[159, 37, 144, 29, 167, 396, 280, 69, 230, 281, 234, 488]
[159, 38, 147, 30, 168, 328, 281, 70, 229, 274, 234, 499]
[158, 37, 146, 30, 167, 335, 281, 70, 229, 276, 235, 499]
[160, 37, 144, 29, 168, 396, 281, 70, 228, 279, 234, 489]
[159, 38, 147, 30, 167, 304, 281, 70, 229, 272, 235, 502]
[161, 39, 142, 28, 166, 406, 280, 70, 230, 281, 233, 485]
[160, 38, 146, 29, 167, 334, 280, 71, 229, 274, 233, 497]
[160, 38, 145, 29, 167, 333, 281, 70, 229, 275, 234, 494]
[161, 38, 143, 28, 166, 377, 281, 71, 229, 279, 233, 484]
[159, 37, 145, 29, 168, 292, 280, 70, 230, 274, 234, 498]
[160, 38, 141, 28, 166, 389, 280, 71, 229, 281, 233, 477]
[160, 37, 143, 29, 168, 299, 280, 71, 229, 276, 233, 490]
[161, 38, 144, 28, 167, 301, 280, 70, 229, 277, 233, 487]
[161, 38, 143, 28, 167, 343, 279, 71, 230, 281, 233, 478]
[160, 37, 145, 29, 168, 248, 280, 71, 228, 275, 234, 494]
[164, 38, 140, 28, 167, 350, 281, 71, 230, 283, 233, 475]
[161, 38, 143, 29, 168, 273, 280, 71, 229, 277, 234, 488]
[161, 38, 142, 28, 167, 294, 281, 71, 228, 278, 233, 485]
[161, 38, 141, 28, 169, 349, 280, 69, 230, 282, 232, 473]
[160, 38, 144, 28, 168, 270, 281, 70, 229, 276, 235, 487]
[160, 39, 140, 28, 166, 382, 281, 70, 230, 284, 232, 469]
[162, 38, 143, 27, 168, 308, 280, 71, 229, 278, 234, 482]
[159, 38, 142, 28, 166, 328, 280, 70, 229, 278, 233, 482]
[161, 39, 141, 28, 167, 382, 280, 70, 230, 282, 233, 473]
[160, 39, 143, 28, 167, 309, 280, 70, 229, 276, 233, 487]
[161, 39, 140, 27, 165, 429, 280, 70, 230, 285, 233, 469]
[160, 37, 142, 28, 167, 367, 281, 70, 229, 278, 233, 484]
[161, 38, 142, 27, 166, 393, 279, 71, 229, 279, 234, 482]
[162, 37, 140, 27, 165, 450, 280, 70, 228, 282, 233, 474]
[159, 37, 142, 27, 166, 392, 279, 70, 229, 275, 233, 490]
[160, 38, 140, 26, 163, 465, 279, 70, 229, 283, 232, 472]
[162, 38, 142, 27, 165, 451, 280, 71, 229, 277, 233, 486]
[161, 38, 141, 27, 165, 464, 280, 71, 229, 278, 234, 484]
[163, 37, 141, 26, 163, 464, 281, 70, 229, 282, 233, 476]
[160, 37, 143, 27, 165, 463, 281, 71, 229, 276, 234, 490]
[161, 39, 140, 26, 162, 463, 280, 69, 229, 283, 233, 472]
[159, 38, 142, 27, 165, 462, 280, 70, 229, 278, 234, 486]
[160, 38, 141, 26, 165, 463, 280, 71, 229, 279, 234, 484]
[160, 38, 141, 27, 162, 463, 280, 70, 230, 282, 233, 475]
[160, 38, 143, 27, 164, 463, 281, 71, 229, 276, 234, 491]
[160, 39, 141, 26, 161, 464, 280, 69, 230, 283, 233, 472]
[158, 39, 142, 26, 164, 463, 280, 70, 228, 277, 234, 486]
[160, 37, 141, 26, 165, 463, 281, 71, 228, 279, 233, 484]
[160, 38, 140, 25, 164, 464, 280, 70, 229, 281, 234, 477]
[160, 39, 142, 26, 165, 460, 281, 69, 229, 275, 234, 491]
[160, 38, 140, 25, 163, 465, 281, 69, 229, 283, 233, 472]
[159, 38, 140, 26, 166, 445, 281, 70, 229, 276, 234, 489]
[161, 38, 140, 25, 164, 444, 281, 70, 229, 277, 234, 487]
[161, 38, 140, 25, 163, 460, 280, 69, 229, 279, 233, 482]
[159, 37, 143, 26, 166, 387, 280, 71, 229, 273, 234, 498]
[161, 39, 141, 26, 161, 469, 280, 70, 230, 282, 233, 482]
[158, 38, 143, 26, 165, 415, 281, 69, 229, 274, 234, 498]
[159, 37, 141, 26, 162, 450, 281, 70, 229, 277, 235, 494]
[160, 39, 141, 25, 161, 470, 281, 69, 229, 277, 234, 490]
[159, 38, 142, 26, 165, 442, 281, 70, 229, 272, 235, 502]
[160, 38, 140, 26, 162, 470, 281, 69, 229, 281, 232, 485]
[160, 38, 143, 27, 166, 388, 281, 70, 229, 272, 234, 501]
[162, 38, 139, 28, 165, 429, 281, 69, 229, 275, 235, 494]
[162, 38, 141, 27, 165, 467, 281, 69, 229, 277, 233, 490]
[160, 37, 142, 27, 167, 413, 281, 69, 229, 273, 236, 501]
[162, 39, 141, 25, 164, 468, 281, 69, 229, 280, 233, 483]
[160, 38, 143, 27, 167, 412, 281, 69, 229, 273, 234, 498]
[160, 39, 141, 27, 167, 420, 280, 69, 229, 276, 234, 491]
[160, 38, 142, 27, 166, 434, 280, 70, 229, 277, 233, 488]
[158, 38, 144, 28, 167, 351, 281, 69, 228, 273, 235, 500]
[161, 38, 141, 27, 166, 441, 281, 69, 229, 280, 233, 482]
[159, 37, 144, 29, 168, 341, 281, 69, 229, 276, 233, 498]
[160, 37, 143, 28, 167, 358, 281, 69, 229, 276, 233, 492]
[161, 37, 143, 28, 168, 363, 281, 69, 229, 280, 233, 490]
[160, 38, 146, 30, 170, 278, 280, 69, 228, 274, 235, 502]
[161, 38, 141, 27, 167, 378, 280, 70, 230, 282, 234, 485]
[160, 38, 146, 30, 168, 277, 280, 70, 229, 276, 233, 500]
[161, 38, 145, 30, 168, 298, 281, 70, 229, 278, 234, 494]
[161, 38, 145, 28, 169, 308, 280, 69, 229, 279, 233, 492]
[160, 38, 148, 31, 169, 226, 280, 70, 229, 274, 235, 504]
[161, 38, 143, 29, 170, 327, 281, 70, 229, 283, 233, 486]
[160, 37, 148, 30, 170, 223, 281, 70, 230, 276, 234, 502]
[161, 39, 146, 31, 170, 231, 279, 70, 228, 277, 234, 496]
[160, 38, 147, 30, 170, 259, 280, 69, 228, 279, 233, 493]
[160, 39, 150, 30, 169, 184, 281, 70, 229, 274, 235, 503]
[160, 38, 145, 29, 170, 285, 281, 69, 229, 282, 233, 486]
[159, 38, 149, 31, 170, 191, 280, 69, 228, 274, 235, 500]
[159, 38, 146, 30, 169, 224, 280, 69, 227, 275, 234, 494]
[160, 37, 146, 29, 168, 254, 281, 69, 229, 277, 233, 492]
[159, 38, 149, 30, 170, 188, 281, 68, 229, 270, 236, 504]
[160, 39, 145, 30, 167, 291, 280, 69, 229, 278, 233, 489]
[159, 38, 148, 31, 168, 195, 280, 68, 229, 271, 235, 507]
[160, 37, 147, 30, 169, 229, 281, 69, 229, 274, 235, 502]
[161, 38, 147, 30, 168, 243, 279, 69, 227, 274, 235, 501]
[159, 38, 150, 31, 169, 176, 280, 68, 227, 267, 236, 510]
[163, 38, 146, 30, 169, 280, 279, 68, 228, 275, 234, 496]
[159, 37, 150, 30, 170, 187, 281, 67, 227, 268, 236, 511]
[160, 38, 148, 31, 169, 221, 281, 69, 228, 270, 235, 506]
[158, 38, 149, 31, 170, 235, 281, 69, 228, 271, 234, 503]
[157, 40, 151, 30, 169, 171, 280, 67, 227, 265, 236, 511]
[159, 39, 147, 30, 170, 276, 280, 69, 229, 274, 233, 498]
[156, 38, 152, 30, 170, 183, 282, 67, 227, 266, 235, 511]
[158, 39, 149, 31, 169, 217, 281, 68, 228, 269, 236, 508]
[157, 38, 149, 31, 169, 229, 280, 69, 228, 271, 236, 505]
[155, 39, 151, 31, 169, 168, 280, 68, 228, 266, 236, 508]
[158, 38, 147, 30, 168, 268, 280, 69, 229, 274, 234, 499]
[156, 39, 149, 31, 170, 174, 280, 67, 228, 267, 237, 510]
[158, 39, 148, 30, 169, 212, 281, 68, 228, 269, 236, 507]
[158, 38, 148, 29, 170, 218, 280, 68, 229, 270, 236, 505]
[156, 39, 149, 31, 169, 159, 281, 67, 227, 266, 237, 510]
[158, 38, 146, 29, 168, 256, 279, 69, 228, 273, 233, 497]
[158, 38, 149, 31, 170, 161, 280, 67, 228, 266, 236, 512]
[157, 39, 147, 30, 169, 201, 281, 68, 229, 270, 236, 505]
[159, 38, 146, 29, 169, 203, 280, 68, 228, 269, 235, 504]
[156, 39, 149, 30, 169, 152, 281, 68, 227, 265, 237, 512]
[158, 39, 145, 29, 169, 246, 281, 68, 229, 274, 234, 494]
[157, 38, 148, 31, 170, 156, 279, 68, 227, 267, 236, 507]
[158, 38, 146, 30, 169, 198, 281, 69, 228, 270, 235, 500]
[158, 38, 145, 29, 169, 200, 281, 69, 228, 270, 234, 498]
[157, 38, 149, 30, 169, 152, 281, 67, 227, 266, 237, 507]
[160, 38, 144, 29, 169, 251, 280, 68, 229, 275, 235, 488]
[157, 37, 147, 30, 169, 160, 280, 67, 227, 268, 235, 503]
[158, 37, 145, 29, 169, 209, 279, 68, 228, 271, 235, 495]
[160, 37, 146, 29, 169, 208, 280, 68, 229, 272, 234, 495]
[158, 38, 147, 31, 169, 161, 280, 68, 227, 268, 235, 504]
[160, 39, 144, 28, 169, 265, 280, 68, 229, 275, 234, 486]
[158, 37, 147, 29, 170, 174, 278, 68, 227, 268, 235, 500]
[157, 38, 144, 29, 168, 231, 279, 69, 229, 273, 234, 493]
[159, 37, 146, 29, 168, 235, 279, 68, 228, 272, 234, 493]
[158, 37, 147, 29, 169, 184, 280, 68, 227, 267, 235, 500]
[159, 38, 143, 28, 168, 299, 281, 68, 228, 275, 233, 482]
[158, 38, 146, 30, 169, 208, 281, 68, 227, 268, 236, 496]
[159, 38, 143, 27, 168, 270, 281, 68, 228, 272, 234, 487]
[158, 37, 144, 29, 168, 283, 279, 68, 227, 272, 234, 485]
[157, 38, 146, 30, 169, 236, 280, 67, 228, 268, 236, 494]
[160, 38, 142, 27, 167, 359, 280, 68, 229, 276, 233, 477]
[158, 37, 145, 28, 169, 277, 280, 67, 227, 270, 236, 493]
[161, 38, 143, 27, 168, 346, 280, 69, 229, 273, 235, 485]
[160, 38, 144, 27, 167, 365, 280, 68, 229, 273, 234, 488]
[159, 38, 146, 28, 167, 322, 280, 68, 227, 268, 236, 498]
[160, 39, 142, 28, 166, 440, 280, 68, 228, 276, 234, 482]
[159, 37, 146, 28, 167, 365, 281, 67, 228, 270, 235, 500]
[160, 38, 144, 28, 165, 427, 281, 68, 228, 274, 235, 491]
[161, 38, 144, 28, 165, 450, 280, 68, 228, 274, 234, 492]
[157, 38, 145, 28, 167, 449, 281, 67, 227, 269, 236, 502]
[159, 38, 141, 27, 163, 463, 279, 67, 229, 277, 234, 481]
[158, 37, 146, 28, 167, 463, 281, 68, 228, 270, 235, 499]
[159, 39, 144, 27, 165, 461, 281, 68, 228, 274, 234, 489]
[158, 37, 144, 28, 165, 461, 279, 68, 227, 274, 234, 488]
[159, 38, 145, 28, 166, 463, 280, 69, 227, 269, 235, 498]
[159, 38, 142, 27, 164, 471, 281, 69, 228, 277, 234, 479]
[156, 38, 144, 28, 167, 456, 281, 67, 228, 270, 236, 495]
[156, 38, 141, 27, 164, 467, 280, 69, 228, 274, 234, 486]
[159, 37, 143, 27, 161, 466, 280, 69, 228, 273, 234, 486]
[156, 38, 145, 27, 161, 463, 280, 67, 228, 270, 235, 494]
[159, 38, 141, 26, 155, 465, 279, 68, 228, 277, 233, 476]
[158, 38, 143, 27, 160, 465, 280, 67, 228, 271, 235, 491]
[158, 38, 142, 26, 161, 465, 280, 68, 228, 275, 234, 482]
[158, 38, 142, 27, 164, 464, 280, 69, 228, 273, 234, 483]
[156, 38, 144, 26, 165, 467, 280, 68, 229, 270, 235, 493]
[159, 39, 141, 26, 162, 471, 280, 69, 228, 278, 234, 473]
[157, 37, 144, 27, 165, 468, 280, 68, 229, 271, 234, 490]
[159, 38, 141, 26, 164, 462, 280, 69, 228, 275, 234, 479]
[158, 38, 142, 27, 165, 461, 280, 68, 228, 274, 234, 480]
[158, 37, 143, 27, 166, 460, 280, 67, 228, 270, 235, 489]
[159, 38, 141, 26, 162, 461, 281, 69, 228, 277, 233, 470]
[158, 37, 144, 27, 165, 459, 281, 67, 228, 271, 235, 489]
[158, 38, 141, 26, 164, 460, 281, 69, 228, 275, 234, 477]
[158, 37, 142, 26, 164, 460, 279, 68, 229, 274, 234, 482]
[158, 38, 143, 26, 165, 460, 281, 67, 227, 271, 236, 489]
[158, 38, 141, 27, 162, 462, 280, 69, 228, 277, 233, 471]
[157, 38, 143, 27, 165, 460, 279, 67, 227, 270, 235, 489]
[158, 38, 141, 27, 162, 461, 280, 68, 228, 276, 234, 479]
[157, 37, 142, 26, 163, 460, 280, 68, 228, 273, 234, 484]
[158, 38, 143, 27, 165, 460, 280, 68, 228, 271, 235, 495]
[159, 38, 141, 26, 161, 463, 281, 68, 228, 278, 234, 478]
[158, 37, 144, 27, 164, 460, 280, 68, 229, 270, 235, 498]
[159, 38, 142, 27, 160, 463, 279, 69, 228, 275, 233, 490]
[158, 38, 142, 27, 162, 463, 281, 69, 228, 274, 234, 493]
[157, 39, 144, 27, 163, 463, 279, 68, 228, 271, 236, 501]
[158, 38, 141, 26, 159, 467, 280, 69, 229, 278, 234, 484]
[156, 37, 144, 26, 163, 463, 279, 68, 228, 271, 235, 500]
[157, 38, 141, 26, 161, 467, 281, 70, 228, 276, 235, 490]
[156, 37, 143, 27, 162, 467, 279, 68, 228, 274, 235, 493]
[158, 37, 145, 27, 164, 465, 279, 68, 228, 270, 234, 500]
[158, 38, 142, 27, 159, 470, 278, 68, 229, 279, 234, 485]
[157, 37, 144, 27, 164, 468, 280, 68, 228, 272, 235, 500]
[158, 38, 142, 26, 161, 470, 280, 69, 229, 276, 234, 488]
[158, 38, 143, 26, 163, 469, 279, 69, 228, 275, 234, 493]
[157, 39, 144, 27, 162, 469, 281, 68, 228, 271, 235, 499]
[160, 39, 142, 26, 159, 472, 280, 69, 229, 278, 233, 483]
[157, 38, 144, 27, 163, 470, 281, 68, 228, 271, 234, 500]
[160, 39, 142, 26, 160, 470, 280, 69, 228, 276, 234, 487]
[159, 38, 143, 27, 161, 467, 280, 69, 228, 275, 235, 490]
[158, 39, 145, 27, 162, 462, 280, 68, 228, 272, 235, 498]
[161, 38, 141, 26, 157, 464, 279, 69, 229, 278, 234, 480]
[156, 39, 146, 27, 161, 460, 281, 68, 228, 271, 234, 496]
[158, 39, 143, 26, 155, 465, 280, 69, 228, 276, 234, 482]
[158, 39, 144, 27, 153, 468, 280, 70, 229, 276, 234, 485]
[156, 39, 146, 27, 150, 468, 280, 69, 228, 271, 235, 492]
[159, 38, 143, 26, 142, 473, 281, 69, 230, 279, 233, 474]
[157, 39, 146, 27, 147, 469, 280, 69, 228, 271, 234, 490]
[158, 39, 144, 27, 147, 472, 280, 69, 229, 277, 233, 478]
[158, 38, 144, 26, 152, 470, 279, 69, 228, 275, 233, 482]
[156, 38, 146, 25, 154, 468, 279, 68, 228, 272, 234, 488]
[158, 38, 143, 24, 150, 472, 280, 69, 230, 279, 232, 470]
[156, 38, 146, 24, 157, 469, 281, 69, 228, 272, 234, 490]
[158, 39, 142, 24, 154, 471, 279, 70, 230, 276, 234, 477]
[158, 39, 144, 22, 157, 469, 280, 69, 229, 275, 233, 481]
[156, 39, 145, 24, 159, 467, 280, 68, 228, 271, 235, 490]
[160, 38, 142, 24, 154, 471, 280, 69, 230, 279, 232, 472]
[157, 38, 145, 25, 160, 466, 279, 69, 228, 271, 235, 489]
[159, 39, 142, 25, 157, 469, 279, 69, 229, 276, 234, 477]
[159, 37, 143, 25, 159, 467, 279, 68, 229, 274, 233, 483]
[157, 38, 145, 27, 160, 466, 281, 69, 228, 272, 235, 489]
[160, 38, 141, 25, 157, 470, 280, 69, 230, 278, 233, 471]
[157, 39, 145, 26, 161, 466, 280, 69, 228, 271, 235, 490]
[158, 38, 142, 26, 156, 469, 280, 68, 229, 276, 233, 477]
[158, 38, 144, 26, 159, 468, 280, 68, 228, 275, 234, 483]
[159, 38, 146, 25, 161, 466, 280, 68, 228, 272, 235, 491]
[159, 38, 141, 24, 158, 470, 280, 68, 229, 278, 232, 474]
[157, 38, 145, 25, 161, 466, 280, 69, 228, 271, 235, 492]
[159, 38, 142, 25, 158, 469, 279, 68, 229, 276, 234, 482]
[157, 38, 144, 25, 160, 468, 279, 68, 229, 274, 234, 486]
[157, 37, 145, 24, 160, 468, 280, 68, 228, 272, 235, 491]
[159, 38, 141, 24, 157, 471, 280, 68, 229, 279, 233, 476]
[156, 38, 145, 25, 161, 467, 280, 68, 228, 271, 235, 494]
[159, 38, 143, 24, 157, 471, 279, 69, 229, 277, 236, 479]
[157, 38, 144, 25, 160, 469, 281, 68, 229, 274, 234, 486]
[157, 38, 145, 24, 162, 468, 281, 68, 228, 272, 235, 491]
[158, 38, 141, 24, 157, 472, 280, 68, 229, 277, 233, 474]
[158, 37, 144, 25, 162, 468, 281, 68, 228, 271, 235, 492]
[159, 37, 142, 24, 157, 471, 280, 68, 229, 276, 233, 478]
[157, 39, 143, 24, 159, 470, 280, 68, 229, 274, 234, 484]
[157, 37, 144, 24, 159, 470, 280, 68, 228, 272, 235, 490]
[158, 37, 141, 24, 154, 473, 281, 70, 229, 278, 232, 473]
[157, 37, 144, 24, 159, 469, 281, 68, 228, 273, 234, 492]
[159, 39, 141, 23, 153, 473, 281, 69, 229, 277, 234, 478]
[158, 38, 143, 26, 154, 472, 280, 68, 229, 275, 234, 484]
[157, 37, 144, 26, 154, 471, 279, 68, 228, 273, 234, 489]
[160, 37, 141, 26, 147, 475, 280, 69, 229, 278, 233, 476]
[158, 38, 144, 27, 150, 472, 280, 69, 228, 271, 234, 494]
[159, 39, 142, 26, 144, 476, 281, 69, 230, 277, 234, 480]
[158, 38, 143, 27, 152, 475, 280, 69, 228, 275, 234, 486]
[157, 37, 144, 27, 155, 474, 281, 68, 228, 272, 235, 492]
[160, 38, 142, 26, 150, 480, 280, 68, 230, 278, 233, 477]
[157, 38, 146, 27, 153, 476, 281, 69, 228, 271, 234, 494]
[158, 38, 143, 26, 148, 480, 280, 69, 228, 277, 233, 480]
[160, 38, 144, 27, 150, 479, 281, 69, 228, 274, 234, 488]
[156, 39, 144, 26, 152, 477, 281, 69, 228, 273, 235, 492]
[157, 38, 142, 26, 146, 481, 280, 69, 228, 278, 232, 477]
[156, 38, 145, 26, 151, 477, 280, 69, 228, 271, 235, 495]
[158, 39, 143, 26, 147, 478, 280, 68, 229, 277, 234, 481]
[158, 38, 144, 27, 149, 477, 280, 68, 229, 274, 233, 487]
[157, 39, 145, 26, 151, 476, 280, 68, 229, 272, 235, 494]
[159, 38, 142, 26, 147, 478, 280, 68, 228, 278, 232, 477]
[156, 39, 145, 27, 153, 473, 280, 68, 228, 269, 235, 494]
[158, 39, 142, 27, 150, 476, 280, 68, 229, 276, 233, 481]
[158, 37, 145, 26, 154, 474, 279, 68, 228, 274, 235, 488]
[157, 37, 144, 28, 155, 472, 280, 68, 228, 272, 235, 494]
[158, 38, 142, 26, 151, 475, 280, 70, 229, 278, 232, 476]
[157, 37, 145, 28, 158, 471, 280, 68, 228, 271, 235, 494]
[158, 38, 142, 27, 153, 474, 280, 69, 228, 276, 234, 478]
[159, 37, 143, 28, 157, 472, 280, 67, 228, 273, 233, 485]
[159, 37, 145, 27, 157, 471, 281, 68, 228, 272, 235, 488]
[159, 39, 142, 27, 151, 476, 279, 68, 229, 279, 233, 468]
[158, 38, 144, 27, 153, 471, 281, 68, 229, 271, 235, 484]
[159, 38, 142, 27, 143, 474, 281, 68, 228, 276, 233, 466]
[159, 37, 144, 27, 142, 473, 281, 69, 228, 274, 234, 471]
[158, 38, 144, 27, 143, 472, 280, 68, 229, 271, 235, 474]
[160, 38, 142, 27, 142, 476, 279, 68, 229, 277, 234, 455]
[156, 38, 146, 28, 150, 472, 280, 68, 227, 270, 236, 475]
[159, 39, 143, 26, 146, 476, 280, 68, 228, 277, 234, 455]
[158, 38, 144, 27, 153, 473, 281, 69, 228, 273, 234, 463]
[159, 38, 145, 28, 155, 473, 280, 68, 228, 271, 235, 467]
[159, 38, 143, 27, 152, 476, 279, 68, 228, 278, 234, 449]
[158, 37, 146, 28, 158, 472, 281, 68, 228, 270, 235, 468]
[160, 39, 143, 27, 155, 476, 280, 69, 229, 276, 234, 448]
[159, 38, 145, 28, 157, 474, 280, 69, 228, 274, 235, 458]
[159, 38, 144, 27, 159, 473, 280, 68, 228, 271, 234, 460]
[159, 38, 143, 27, 155, 476, 280, 69, 228, 277, 234, 443]
[158, 38, 146, 28, 160, 472, 280, 68, 228, 270, 235, 461]
[161, 38, 143, 27, 156, 476, 280, 69, 229, 276, 234, 441]
[160, 38, 145, 27, 159, 473, 281, 69, 228, 273, 233, 452]
[158, 38, 145, 28, 161, 472, 281, 68, 228, 272, 235, 453]
[160, 38, 143, 28, 157, 475, 281, 70, 228, 277, 233, 437]
[157, 37, 146, 29, 162, 471, 281, 68, 228, 270, 234, 455]
[159, 38, 143, 27, 157, 474, 282, 69, 228, 276, 234, 433]
[158, 39, 145, 28, 161, 472, 279, 68, 228, 274, 234, 445]
[158, 39, 146, 28, 161, 470, 279, 68, 229, 271, 234, 447]
[161, 38, 143, 28, 159, 473, 280, 69, 228, 276, 233, 429]
[156, 38, 146, 30, 163, 470, 280, 68, 228, 270, 235, 449]
[159, 39, 143, 27, 159, 473, 279, 69, 228, 276, 234, 426]
[159, 37, 145, 29, 162, 470, 280, 68, 228, 273, 234, 437]
[158, 37, 145, 30, 163, 469, 281, 68, 228, 271, 233, 440]
[160, 38, 143, 28, 160, 472, 281, 69, 229, 276, 233, 421]
[156, 37, 146, 29, 163, 468, 281, 68, 228, 270, 235, 442]
[159, 38, 144, 28, 159, 471, 280, 69, 228, 278, 233, 421]
[159, 38, 145, 29, 162, 469, 279, 68, 228, 273, 234, 433]
[158, 38, 146, 28, 162, 469, 280, 68, 228, 272, 234, 438]
[159, 39, 142, 27, 160, 472, 279, 69, 229, 276, 232, 419]
[158, 37, 146, 29, 165, 468, 281, 68, 228, 269, 234, 443]
[159, 37, 143, 28, 160, 473, 279, 69, 229, 276, 233, 420]
[159, 39, 145, 27, 163, 469, 279, 68, 228, 272, 232, 432]
[159, 38, 145, 27, 162, 469, 280, 68, 228, 272, 234, 434]
[160, 37, 144, 27, 161, 473, 282, 69, 228, 276, 232, 418]
[158, 37, 147, 28, 164, 470, 281, 68, 228, 269, 234, 438]
[159, 38, 143, 28, 159, 473, 281, 69, 229, 278, 233, 415]
[157, 38, 145, 28, 162, 470, 281, 67, 228, 272, 234, 431]
[159, 39, 146, 28, 162, 471, 281, 68, 228, 272, 233, 431]
[159, 38, 144, 28, 160, 474, 280, 68, 228, 276, 233, 415]
[158, 37, 147, 29, 163, 470, 281, 68, 228, 269, 234, 436]
[160, 39, 143, 28, 158, 474, 279, 68, 229, 277, 233, 412]
[158, 37, 145, 28, 163, 472, 280, 68, 228, 271, 233, 426]
[159, 39, 145, 27, 162, 473, 279, 68, 228, 272, 233, 427]
[161, 38, 143, 29, 158, 475, 280, 68, 229, 276, 232, 411]
[159, 38, 146, 29, 162, 472, 279, 68, 228, 271, 234, 433]
[159, 38, 143, 27, 157, 476, 280, 69, 228, 277, 232, 409]
[159, 38, 145, 29, 161, 474, 279, 68, 228, 271, 232, 424]
[159, 39, 145, 29, 160, 474, 280, 68, 228, 273, 233, 423]
[159, 39, 142, 27, 158, 476, 280, 68, 229, 276, 232, 410]
[158, 37, 147, 29, 161, 472, 280, 68, 228, 271, 234, 431]
[160, 38, 143, 28, 156, 477, 280, 69, 229, 277, 233, 407]
[157, 38, 145, 28, 159, 474, 279, 68, 228, 272, 233, 422]
[158, 39, 145, 28, 159, 474, 279, 68, 228, 273, 233, 424]
[159, 37, 144, 28, 157, 477, 279, 68, 229, 276, 232, 409]
[158, 38, 147, 29, 161, 474, 280, 68, 228, 270, 234, 431]
[160, 38, 143, 27, 155, 478, 279, 68, 229, 278, 232, 407]
[158, 38, 145, 29, 158, 475, 280, 68, 228, 272, 232, 424]
[158, 38, 145, 28, 158, 476, 281, 68, 228, 272, 233, 423]
[160, 38, 144, 27, 156, 477, 280, 68, 228, 277, 232, 411]
[159, 38, 146, 28, 160, 474, 280, 68, 227, 269, 234, 431]
[162, 38, 142, 28, 156, 479, 279, 69, 230, 278, 233, 408]
[159, 38, 146, 29, 159, 477, 281, 68, 228, 272, 234, 426]
[159, 38, 145, 29, 158, 477, 280, 68, 228, 273, 233, 427]
[162, 38, 144, 28, 156, 479, 280, 68, 230, 276, 232, 417]
[159, 38, 147, 30, 160, 476, 280, 67, 229, 270, 234, 439]
[160, 37, 142, 28, 155, 480, 279, 68, 229, 278, 233, 417]
[159, 38, 145, 31, 158, 478, 280, 69, 228, 272, 233, 436]
[160, 38, 145, 30, 158, 478, 281, 67, 228, 273, 233, 437]
[161, 38, 144, 29, 156, 480, 280, 69, 228, 276, 233, 427]
[157, 38, 147, 31, 160, 477, 281, 68, 228, 270, 234, 449]
[159, 38, 143, 27, 154, 481, 280, 68, 229, 278, 233, 427]
[158, 38, 146, 30, 159, 479, 280, 68, 228, 271, 234, 447]
[158, 38, 145, 28, 158, 479, 282, 69, 228, 272, 234, 446]
[160, 38, 144, 29, 156, 481, 280, 69, 229, 275, 233, 436]
[158, 38, 147, 30, 159, 478, 280, 68, 228, 270, 235, 458]
[159, 37, 143, 27, 154, 482, 281, 68, 229, 277, 233, 435]
[158, 37, 146, 28, 157, 480, 280, 68, 228, 272, 234, 457]
[158, 38, 145, 27, 156, 481, 279, 69, 228, 273, 234, 453]
[160, 38, 143, 28, 154, 482, 279, 68, 230, 276, 233, 446]
[158, 38, 147, 29, 159, 479, 281, 68, 227, 270, 234, 463]
[162, 39, 143, 28, 153, 483, 281, 69, 229, 278, 233, 441]
[160, 38, 146, 28, 157, 480, 281, 68, 228, 272, 235, 459]
[160, 39, 145, 28, 156, 482, 280, 68, 228, 274, 234, 455]
[161, 37, 144, 28, 153, 482, 280, 68, 229, 275, 234, 447]
[159, 37, 147, 29, 157, 480, 279, 68, 227, 270, 234, 464]
[160, 38, 143, 29, 152, 484, 280, 69, 228, 278, 233, 442]
[158, 38, 147, 29, 156, 482, 280, 68, 229, 272, 234, 457]
[159, 38, 145, 29, 155, 482, 280, 69, 228, 273, 234, 452]
[158, 38, 144, 28, 153, 485, 280, 70, 228, 275, 234, 442]
[158, 38, 146, 28, 157, 482, 280, 68, 229, 269, 235, 457]
[160, 38, 143, 27, 150, 486, 281, 68, 229, 278, 233, 431]
[159, 37, 146, 29, 154, 484, 279, 68, 228, 272, 234, 448]
[159, 38, 145, 29, 152, 486, 280, 69, 228, 274, 233, 441]
[161, 39, 144, 28, 150, 488, 280, 69, 230, 276, 233, 429]
[158, 39, 147, 29, 152, 486, 279, 68, 228, 271, 234, 445]
[160, 39, 143, 28, 144, 490, 279, 69, 229, 277, 232, 418]
[157, 37, 147, 29, 147, 490, 279, 68, 229, 272, 233, 436]
[160, 39, 146, 29, 144, 492, 280, 69, 228, 273, 233, 429]
[160, 38, 145, 28, 138, 494, 280, 68, 229, 277, 232, 419]
[157, 38, 146, 29, 138, 493, 280, 68, 228, 270, 234, 434]
[160, 39, 143, 29, 129, 497, 280, 69, 229, 279, 233, 408]
[159, 38, 147, 29, 131, 497, 279, 67, 228, 272, 233, 425]
[160, 38, 145, 28, 128, 499, 280, 69, 228, 273, 234, 421]
[162, 39, 144, 28, 125, 500, 280, 69, 229, 276, 233, 408]
[160, 38, 147, 28, 128, 499, 281, 69, 228, 271, 233, 426]
[162, 38, 143, 27, 123, 500, 279, 69, 229, 278, 232, 399]
[159, 39, 146, 29, 127, 500, 279, 68, 228, 272, 233, 418]
[158, 38, 145, 27, 124, 500, 280, 69, 228, 274, 234, 412]
[160, 38, 143, 28, 122, 500, 279, 69, 229, 276, 231, 402]
[158, 38, 146, 29, 123, 499, 280, 68, 228, 272, 233, 419]
[162, 38, 143, 28, 120, 500, 280, 69, 230, 279, 233, 393]
[158, 37, 146, 29, 122, 501, 280, 68, 228, 272, 233, 412]
[160, 38, 144, 29, 121, 500, 281, 68, 229, 274, 232, 407]
[160, 39, 143, 29, 119, 500, 280, 69, 229, 276, 232, 397]
[158, 37, 147, 30, 123, 501, 280, 69, 228, 271, 232, 415]
[160, 39, 142, 28, 118, 501, 280, 68, 230, 279, 232, 393]
[157, 38, 146, 29, 122, 499, 281, 68, 228, 272, 232, 409]
[158, 39, 145, 29, 121, 500, 280, 69, 228, 274, 233, 405]
[160, 37, 143, 27, 120, 500, 280, 68, 228, 276, 231, 399]
[159, 38, 147, 29, 124, 499, 280, 68, 228, 271, 234, 415]
[162, 38, 142, 28, 119, 500, 280, 69, 228, 279, 232, 392]
[159, 38, 147, 29, 123, 500, 279, 68, 228, 272, 232, 412]
[160, 38, 144, 29, 121, 501, 280, 68, 229, 274, 234, 409]
[161, 38, 144, 29, 120, 500, 281, 69, 229, 276, 233, 401]
[158, 37, 147, 31, 123, 500, 280, 68, 228, 271, 233, 419]
[160, 38, 142, 28, 119, 501, 280, 69, 230, 278, 232, 395]
[158, 38, 146, 29, 123, 500, 279, 68, 228, 271, 233, 416]
[159, 39, 144, 28, 121, 501, 280, 69, 228, 274, 233, 411]
[160, 38, 145, 28, 120, 501, 280, 69, 228, 275, 232, 406]
[158, 38, 147, 29, 124, 500, 279, 68, 228, 270, 233, 425]
[160, 38, 143, 28, 120, 501, 280, 70, 230, 278, 232, 401]
[159, 38, 146, 29, 124, 501, 279, 68, 228, 272, 232, 422]
[159, 39, 144, 29, 122, 500, 280, 69, 228, 274, 233, 415]
[160, 38, 145, 28, 122, 501, 280, 69, 228, 276, 233, 409]
[158, 37, 147, 29, 126, 500, 279, 68, 228, 271, 233, 427]
[160, 38, 143, 28, 122, 501, 280, 69, 229, 279, 233, 404]
[160, 38, 145, 29, 125, 500, 280, 68, 228, 271, 233, 424]
[159, 38, 145, 28, 123, 500, 280, 68, 229, 275, 234, 416]
[161, 38, 144, 28, 123, 501, 279, 69, 229, 275, 233, 411]
[161, 38, 147, 30, 125, 499, 280, 68, 228, 270, 234, 428]
[162, 38, 143, 28, 121, 500, 280, 68, 230, 279, 232, 404]
[160, 38, 146, 29, 124, 500, 280, 68, 228, 271, 234, 422]
[160, 38, 144, 27, 122, 501, 279, 67, 228, 274, 233, 415]
[159, 38, 144, 28, 122, 500, 280, 69, 229, 275, 233, 410]
[158, 38, 146, 30, 124, 500, 279, 68, 228, 271, 234, 426]
[161, 39, 143, 28, 120, 500, 281, 69, 228, 278, 233, 399]
[159, 37, 146, 29, 123, 500, 279, 68, 228, 271, 233, 421]
[161, 39, 143, 28, 121, 501, 280, 69, 228, 275, 233, 411]
[160, 38, 144, 29, 122, 501, 280, 68, 228, 275, 232, 408]
[159, 38, 146, 30, 123, 500, 279, 69, 228, 271, 234, 422]
[162, 40, 143, 27, 119, 500, 279, 69, 229, 278, 232, 397]
[159, 38, 146, 29, 123, 500, 280, 68, 228, 271, 233, 418]
[160, 39, 144, 29, 122, 500, 280, 69, 228, 275, 233, 408]
[160, 39, 143, 29, 120, 501, 280, 69, 229, 275, 233, 407]
[159, 38, 147, 30, 124, 500, 279, 68, 228, 271, 233, 419]
[161, 38, 142, 28, 119, 501, 279, 68, 229, 278, 232, 397]
[160, 38, 147, 30, 123, 500, 278, 68, 228, 271, 233, 418]
[160, 37, 144, 29, 120, 500, 280, 69, 229, 276, 233, 405]
[160, 38, 143, 29, 121, 500, 279, 69, 229, 275, 232, 409]
[159, 38, 146, 30, 122, 500, 280, 69, 228, 271, 232, 421]
[161, 39, 142, 29, 119, 500, 280, 68, 228, 278, 232, 396]
[159, 37, 147, 29, 123, 501, 281, 69, 228, 271, 233, 420]
[160, 39, 144, 28, 121, 500, 280, 69, 229, 276, 233, 405]
[160, 38, 144, 29, 121, 501, 280, 69, 230, 274, 233, 408]
[158, 37, 146, 29, 123, 500, 281, 68, 228, 271, 232, 421]
[161, 39, 142, 27, 120, 502, 280, 69, 230, 278, 232, 398]
[159, 37, 146, 29, 123, 500, 281, 68, 228, 271, 232, 420]
[160, 39, 143, 28, 121, 501, 280, 69, 230, 276, 233, 405]
[160, 37, 144, 28, 121, 500, 279, 69, 229, 275, 232, 408]
[158, 37, 146, 30, 123, 500, 280, 69, 228, 271, 233, 420]
[159, 39, 143, 28, 119, 501, 280, 68, 230, 278, 232, 397]
[158, 37, 147, 30, 123, 500, 280, 68, 228, 271, 234, 419]
[160, 39, 143, 29, 120, 500, 280, 69, 229, 276, 232, 405]
[159, 37, 146, 29, 121, 500, 280, 68, 229, 274, 233, 410]
[158, 39, 147, 29, 122, 500, 279, 68, 228, 271, 234, 420]
[161, 37, 142, 28, 120, 502, 280, 68, 230, 278, 233, 399]
[158, 37, 146, 30, 124, 500, 279, 69, 228, 271, 233, 421]
[160, 39, 143, 28, 120, 501, 281, 69, 229, 276, 233, 404]
[160, 38, 144, 29, 122, 501, 280, 69, 228, 274, 233, 411]
[160, 38, 146, 29, 123, 500, 280, 68, 228, 271, 234, 420]
[162, 39, 143, 28, 119, 500, 280, 68, 229, 279, 232, 399]
[160, 38, 147, 29, 123, 500, 279, 68, 228, 271, 233, 421]
[161, 38, 143, 28, 120, 501, 279, 69, 229, 276, 233, 403]
[159, 38, 145, 29, 121, 500, 280, 68, 229, 274, 232, 411]
[159, 38, 146, 29, 123, 500, 280, 68, 228, 271, 233, 420]
[160, 38, 143, 28, 120, 500, 281, 69, 230, 278, 232, 397]
[157, 38, 145, 29, 123, 500, 281, 68, 228, 271, 233, 421]
[159, 39, 143, 29, 119, 499, 281, 69, 229, 277, 234, 402]
[159, 37, 146, 29, 123, 500, 280, 69, 228, 274, 232, 411]
[158, 38, 145, 30, 122, 500, 280, 68, 228, 273, 233, 418]
[159, 38, 142, 29, 120, 500, 280, 69, 228, 278, 232, 398]
[158, 38, 147, 30, 123, 500, 279, 68, 228, 271, 234, 420]
[161, 39, 144, 28, 120, 500, 279, 68, 228, 277, 233, 402]
[160, 38, 144, 30, 122, 500, 280, 69, 228, 274, 232, 411]
[158, 37, 146, 29, 123, 500, 279, 68, 228, 271, 233, 419]
[160, 38, 143, 29, 120, 501, 280, 69, 228, 277, 232, 399]
[159, 38, 146, 31, 123, 500, 280, 69, 228, 271, 233, 422]
[161, 38, 143, 29, 121, 500, 280, 68, 229, 276, 232, 404]
[158, 38, 145, 29, 122, 500, 280, 69, 228, 274, 233, 415]
[159, 38, 146, 30, 123, 500, 280, 68, 228, 273, 234, 421]
[160, 38, 143, 29, 120, 501, 280, 69, 230, 278, 232, 402]
[158, 38, 146, 31, 124, 499, 281, 68, 228, 271, 234, 424]
[161, 39, 143, 29, 121, 500, 279, 68, 229, 277, 233, 408]
[159, 38, 145, 31, 122, 500, 280, 68, 228, 274, 232, 417]
[160, 38, 146, 31, 123, 500, 280, 68, 228, 273, 234, 425]
[161, 38, 143, 30, 120, 500, 278, 68, 229, 277, 234, 407]
[157, 37, 146, 32, 125, 500, 280, 68, 228, 271, 234, 428]
[162, 39, 142, 30, 121, 501, 280, 69, 230, 277, 233, 407]
[158, 38, 145, 31, 123, 500, 280, 68, 229, 274, 233, 420]
[160, 39, 146, 32, 124, 500, 279, 68, 228, 273, 233, 424]
[161, 38, 142, 30, 120, 501, 280, 68, 229, 278, 232, 407]
[159, 38, 146, 34, 124, 500, 279, 68, 228, 271, 234, 428]
[161, 39, 143, 31, 121, 501, 281, 69, 228, 276, 233, 410]
[160, 38, 145, 31, 123, 501, 279, 68, 228, 274, 234, 420]
[161, 39, 146, 33, 123, 500, 279, 68, 228, 272, 233, 427]
[162, 38, 143, 31, 120, 500, 280, 68, 229, 279, 233, 407]
[159, 38, 147, 33, 124, 500, 279, 68, 228, 271, 235, 432]
[162, 39, 143, 30, 121, 501, 279, 69, 229, 278, 232, 412]
[160, 38, 145, 32, 122, 501, 279, 69, 228, 273, 234, 422]
[159, 38, 146, 32, 123, 500, 279, 68, 228, 272, 234, 427]
[163, 39, 143, 30, 121, 500, 280, 69, 229, 278, 232, 410]
[159, 37, 147, 33, 124, 500, 280, 69, 228, 271, 234, 432]
[162, 39, 143, 30, 121, 500, 279, 68, 229, 278, 233, 411]
[160, 38, 145, 33, 123, 500, 280, 68, 229, 273, 234, 427]
[160, 38, 145, 33, 123, 500, 278, 68, 228, 273, 234, 430]
[161, 39, 144, 31, 121, 500, 280, 69, 229, 277, 233, 413]
[160, 38, 146, 33, 125, 500, 279, 68, 228, 271, 234, 436]
[162, 38, 143, 31, 122, 501, 279, 69, 229, 278, 233, 415]
[161, 38, 145, 33, 124, 500, 280, 68, 228, 274, 233, 431]
[160, 38, 145, 33, 124, 500, 280, 68, 228, 272, 233, 433]
[161, 38, 143, 31, 121, 500, 279, 69, 228, 278, 232, 416]
[160, 37, 146, 33, 125, 500, 280, 68, 228, 271, 234, 438]
[162, 38, 143, 30, 121, 501, 280, 70, 229, 278, 233, 417]
[160, 38, 145, 33, 124, 500, 280, 68, 229, 273, 233, 431]
[160, 38, 145, 33, 123, 500, 281, 69, 228, 272, 235, 432]
[160, 38, 143, 30, 121, 500, 280, 69, 229, 277, 234, 416]
[160, 38, 147, 34, 125, 500, 280, 68, 228, 270, 234, 437]
[162, 38, 143, 30, 120, 502, 280, 70, 229, 278, 233, 413]
[159, 38, 144, 32, 123, 500, 280, 69, 229, 272, 234, 429]
[161, 38, 145, 32, 123, 500, 280, 68, 229, 274, 234, 427]
[162, 37, 144, 30, 121, 501, 280, 69, 229, 277, 232, 414]
[159, 37, 147, 34, 124, 500, 280, 69, 228, 271, 234, 433]
[164, 39, 143, 31, 121, 501, 280, 69, 229, 279, 233, 411]
[161, 38, 146, 32, 124, 500, 280, 68, 228, 272, 234, 427]
[161, 39, 145, 33, 123, 502, 280, 68, 228, 274, 233, 425]
[160, 38, 144, 32, 121, 502, 280, 69, 229, 276, 232, 412]
[159, 38, 146, 33, 125, 500, 280, 68, 228, 271, 234, 431]
[161, 39, 143, 30, 121, 502, 280, 68, 229, 278, 233, 407]
[159, 38, 145, 32, 123, 501, 279, 68, 227, 272, 234, 425]
[160, 39, 145, 32, 123, 501, 279, 68, 228, 274, 234, 425]
[162, 38, 144, 31, 121, 500, 281, 69, 229, 276, 232, 415]
[160, 38, 146, 33, 124, 501, 281, 69, 228, 270, 234, 432]
[161, 39, 142, 30, 120, 501, 279, 68, 230, 278, 232, 407]
[162, 38, 146, 33, 124, 500, 280, 68, 228, 272, 234, 428]
[161, 38, 144, 32, 121, 501, 279, 69, 228, 273, 233, 422]
[163, 38, 144, 32, 121, 501, 280, 69, 228, 276, 233, 414]
[161, 38, 146, 33, 124, 501, 280, 68, 228, 271, 235, 433]
[163, 40, 142, 30, 120, 501, 279, 69, 230, 279, 233, 409]
[160, 37, 145, 33, 123, 500, 279, 68, 228, 271, 234, 428]
[162, 38, 144, 32, 122, 501, 279, 69, 227, 275, 233, 421]
[162, 38, 144, 31, 122, 500, 280, 68, 230, 276, 232, 415]
[161, 38, 146, 33, 124, 501, 280, 69, 228, 271, 235, 431]
[163, 40, 142, 30, 120, 502, 280, 68, 230, 278, 233, 406]
[161, 37, 146, 33, 123, 501, 280, 68, 228, 273, 234, 427]
[163, 38, 145, 32, 122, 501, 280, 69, 228, 274, 233, 420]
[162, 38, 145, 32, 123, 502, 280, 68, 229, 276, 232, 416]
[160, 37, 147, 33, 124, 501, 280, 68, 228, 271, 234, 432]
[164, 40, 143, 31, 120, 501, 280, 70, 230, 278, 232, 408]
[161, 38, 146, 33, 123, 501, 280, 68, 228, 271, 233, 429]
[163, 38, 143, 32, 121, 501, 279, 69, 229, 275, 234, 419]
[163, 38, 145, 32, 121, 501, 280, 67, 229, 275, 232, 415]
[161, 38, 147, 34, 123, 500, 281, 68, 228, 271, 234, 433]
[164, 39, 142, 31, 120, 501, 281, 68, 230, 280, 233, 407]
[161, 38, 146, 32, 123, 501, 281, 68, 228, 271, 233, 429]
[160, 38, 143, 32, 121, 501, 281, 69, 229, 274, 233, 422]
[161, 38, 144, 32, 120, 502, 280, 69, 229, 276, 232, 419]
[159, 37, 146, 33, 124, 500, 280, 68, 228, 271, 234, 435]
[162, 39, 141, 31, 120, 501, 280, 69, 230, 278, 233, 412]
[160, 38, 146, 33, 123, 502, 280, 68, 228, 271, 234, 433]
[162, 39, 143, 32, 121, 501, 279, 69, 229, 275, 234, 425]
[161, 38, 145, 31, 121, 501, 280, 68, 228, 275, 234, 424]
[160, 38, 146, 33, 124, 501, 281, 68, 229, 272, 234, 438]
[165, 38, 141, 30, 120, 501, 280, 69, 230, 279, 233, 416]
[160, 38, 146, 32, 123, 501, 280, 68, 228, 272, 234, 438]
[161, 38, 144, 31, 122, 501, 279, 69, 229, 275, 232, 429]
[163, 37, 143, 32, 121, 501, 280, 69, 229, 276, 232, 429]
[162, 39, 145, 32, 124, 502, 279, 69, 228, 272, 235, 444]
[162, 39, 141, 30, 120, 503, 280, 70, 228, 278, 233, 419]
[160, 37, 146, 33, 124, 501, 280, 68, 228, 271, 235, 442]
[162, 40, 144, 31, 121, 501, 279, 69, 229, 275, 234, 433]
[162, 38, 145, 31, 121, 501, 280, 69, 229, 276, 234, 431]
[161, 39, 145, 33, 125, 500, 278, 68, 228, 271, 235, 444]
[164, 39, 141, 30, 119, 502, 280, 69, 228, 279, 233, 419]
[162, 38, 145, 33, 124, 500, 280, 68, 228, 271, 234, 443]
[163, 39, 143, 31, 122, 500, 280, 69, 228, 275, 234, 431]
[162, 38, 144, 32, 121, 501, 280, 69, 229, 275, 234, 430]
[161, 38, 146, 33, 124, 500, 280, 69, 228, 271, 234, 445]
[163, 38, 141, 30, 120, 500, 280, 69, 228, 278, 233, 419]
[161, 39, 145, 32, 123, 500, 280, 68, 228, 271, 235, 443]
[163, 39, 143, 31, 120, 501, 280, 68, 228, 276, 234, 429]
[162, 39, 143, 32, 121, 501, 279, 68, 229, 275, 233, 432]
[160, 37, 146, 32, 124, 500, 280, 69, 228, 271, 233, 444]
[162, 39, 141, 30, 119, 502, 280, 68, 229, 278, 232, 421]
[161, 38, 145, 33, 123, 501, 280, 68, 228, 271, 235, 446]
[159, 39, 142, 31, 120, 501, 280, 69, 229, 276, 234, 433]
[161, 37, 143, 31, 122, 501, 280, 68, 228, 275, 234, 437]
[157, 38, 144, 32, 124, 501, 280, 68, 228, 272, 235, 448]
[161, 39, 141, 30, 121, 502, 279, 69, 229, 279, 233, 426]
[160, 39, 145, 33, 124, 501, 281, 69, 228, 270, 235, 450]
[160, 39, 142, 30, 121, 502, 278, 69, 229, 276, 234, 437]
[160, 37, 143, 31, 121, 500, 279, 68, 228, 275, 234, 441]
[158, 39, 146, 32, 123, 501, 279, 69, 228, 271, 234, 453]
[160, 39, 141, 31, 120, 500, 279, 69, 229, 278, 233, 431]
[159, 38, 145, 33, 123, 500, 280, 68, 228, 272, 235, 457]
[161, 39, 142, 29, 120, 501, 278, 69, 229, 277, 233, 440]
[161, 38, 143, 31, 122, 500, 279, 70, 229, 275, 235, 447]
[160, 38, 144, 31, 123, 501, 280, 68, 228, 271, 235, 455]
[161, 38, 141, 30, 120, 501, 278, 68, 229, 278, 232, 434]
[159, 37, 145, 31, 123, 501, 280, 69, 229, 271, 235, 456]
[161, 38, 143, 30, 121, 501, 280, 69, 228, 277, 234, 440]
[160, 38, 145, 31, 122, 501, 279, 69, 228, 275, 233, 447]
[160, 38, 144, 31, 123, 501, 279, 68, 228, 272, 235, 455]
[160, 38, 141, 30, 120, 502, 280, 69, 229, 279, 233, 434]
[159, 39, 146, 32, 125, 501, 279, 69, 228, 271, 234, 453]
[161, 38, 143, 31, 121, 500, 279, 69, 228, 277, 234, 436]
[161, 39, 144, 31, 122, 501, 279, 68, 229, 274, 234, 444]
[159, 39, 144, 31, 124, 501, 279, 69, 228, 272, 235, 451]
[162, 39, 142, 30, 120, 502, 279, 70, 230, 278, 233, 431]
[158, 39, 146, 31, 124, 500, 280, 68, 228, 271, 235, 455]
[160, 38, 143, 29, 120, 502, 280, 69, 229, 277, 234, 436]
[159, 38, 144, 31, 123, 500, 279, 68, 228, 274, 234, 446]
[160, 38, 145, 32, 123, 502, 279, 68, 228, 272, 234, 455]
[161, 39, 141, 30, 121, 501, 279, 69, 229, 278, 232, 434]
[160, 37, 146, 32, 124, 500, 279, 68, 228, 271, 234, 458]
[159, 39, 142, 29, 121, 501, 280, 68, 229, 277, 234, 441]
[160, 38, 144, 31, 124, 502, 280, 68, 228, 274, 234, 451]
[158, 39, 144, 31, 123, 500, 280, 69, 228, 272, 234, 457]
[160, 39, 141, 30, 121, 502, 280, 69, 229, 278, 232, 438]
[158, 38, 145, 32, 124, 500, 280, 69, 228, 271, 234, 458]
[159, 38, 143, 30, 122, 501, 280, 69, 228, 278, 234, 442]
[159, 38, 144, 31, 122, 502, 279, 68, 228, 275, 234, 448]
[160, 37, 145, 32, 123, 501, 280, 69, 228, 272, 234, 453]
[161, 39, 142, 30, 121, 502, 280, 69, 229, 278, 233, 434]
[158, 38, 146, 32, 124, 501, 280, 69, 228, 271, 234, 455]
[161, 39, 142, 29, 121, 501, 280, 69, 228, 277, 234, 435]
[159, 37, 144, 31, 123, 501, 280, 69, 228, 273, 233, 446]
[159, 39, 145, 31, 123, 502, 280, 68, 228, 273, 234, 449]
[161, 39, 142, 30, 121, 501, 280, 70, 229, 277, 233, 429]
[159, 39, 146, 32, 124, 500, 279, 68, 228, 271, 235, 450]
[161, 39, 142, 29, 121, 502, 279, 69, 229, 278, 232, 430]
[161, 37, 144, 31, 123, 500, 280, 69, 228, 273, 234, 443]
[160, 39, 144, 31, 123, 500, 279, 68, 228, 273, 233, 446]
[162, 39, 142, 31, 121, 502, 280, 68, 229, 277, 233, 429]
[158, 38, 147, 32, 125, 500, 280, 68, 228, 272, 234, 449]
[159, 39, 142, 30, 120, 502, 279, 69, 229, 277, 233, 429]
[158, 38, 144, 32, 123, 502, 279, 69, 228, 274, 234, 445]
[158, 39, 144, 31, 122, 500, 279, 68, 228, 274, 234, 447]
[160, 39, 142, 30, 121, 501, 280, 70, 230, 278, 233, 435]
[159, 38, 146, 32, 124, 501, 280, 69, 228, 271, 234, 455]
[160, 39, 142, 30, 120, 501, 280, 68, 229, 278, 233, 436]
[159, 38, 144, 32, 122, 502, 279, 68, 228, 273, 234, 452]
[159, 37, 144, 32, 124, 502, 279, 68, 229, 274, 235, 455]
[161, 38, 142, 30, 121, 502, 279, 69, 229, 278, 233, 441]
[160, 37, 146, 33, 125, 500, 279, 68, 229, 271, 235, 463]
[162, 39, 142, 30, 121, 502, 280, 69, 230, 278, 234, 443]
[158, 39, 144, 31, 122, 502, 281, 68, 228, 273, 233, 459]
[160, 39, 144, 34, 124, 502, 280, 68, 228, 274, 235, 462]
[159, 39, 143, 34, 121, 502, 281, 69, 229, 278, 232, 448]
[158, 38, 145, 37, 125, 500, 280, 68, 227, 271, 235, 468]
[161, 39, 141, 35, 121, 503, 280, 69, 229, 278, 233, 446]
[160, 38, 145, 38, 122, 502, 280, 68, 229, 274, 233, 461]
[160, 39, 144, 39, 123, 501, 280, 69, 229, 274, 235, 461]
[161, 38, 143, 36, 121, 501, 279, 69, 229, 277, 233, 446]
[158, 38, 145, 40, 125, 500, 279, 68, 228, 271, 235, 466]
[160, 39, 142, 35, 120, 502, 280, 69, 229, 278, 233, 443]
[160, 38, 146, 38, 123, 501, 280, 68, 228, 274, 233, 460]
[159, 39, 144, 39, 124, 502, 279, 68, 228, 274, 235, 458]
[161, 37, 143, 37, 121, 501, 280, 68, 229, 277, 233, 446]
[159, 37, 147, 39, 125, 501, 279, 69, 228, 271, 235, 465]
[162, 39, 142, 37, 122, 502, 279, 70, 229, 278, 233, 443]
[160, 38, 145, 38, 124, 502, 279, 68, 228, 273, 234, 461]
[159, 39, 143, 38, 122, 501, 280, 68, 229, 273, 234, 457]
[161, 39, 143, 37, 121, 502, 280, 69, 230, 277, 233, 449]
[158, 37, 145, 39, 125, 502, 280, 69, 228, 271, 234, 467]
[163, 39, 141, 36, 121, 502, 279, 68, 229, 278, 233, 444]
[160, 38, 144, 38, 124, 502, 280, 68, 229, 273, 235, 463]
[159, 38, 144, 39, 123, 502, 281, 69, 229, 275, 234, 461]
[161, 39, 144, 38, 122, 501, 279, 69, 230, 276, 233, 451]
[158, 38, 146, 40, 124, 500, 281, 68, 228, 271, 235, 469]
[162, 39, 141, 37, 120, 501, 279, 70, 230, 278, 233, 445]
[159, 38, 145, 39, 125, 500, 280, 68, 228, 272, 235, 466]
[160, 39, 143, 38, 123, 501, 280, 69, 228, 273, 234, 460]
[161, 38, 143, 39, 122, 502, 279, 69, 229, 276, 234, 453]
[160, 38, 147, 39, 125, 502, 281, 68, 228, 271, 235, 471]
[161, 40, 141, 37, 121, 503, 279, 69, 229, 279, 233, 446]
[159, 38, 146, 38, 123, 502, 280, 68, 228, 272, 234, 466]
[159, 38, 144, 38, 122, 502, 279, 69, 228, 275, 234, 459]
[160, 38, 144, 38, 123, 502, 280, 68, 229, 276, 234, 455]
[159, 38, 146, 39, 124, 500, 280, 68, 228, 271, 234, 467]
[159, 39, 141, 36, 121, 501, 280, 70, 229, 278, 233, 445]
[159, 39, 144, 39, 124, 501, 280, 68, 228, 272, 234, 464]
[160, 39, 144, 38, 123, 501, 279, 68, 228, 275, 234, 459]
[160, 38, 144, 38, 123, 501, 279, 69, 229, 276, 234, 451]
[158, 37, 145, 40, 125, 501, 278, 69, 228, 271, 235, 465]
[161, 39, 141, 37, 121, 502, 279, 69, 230, 279, 233, 443]
[160, 38, 146, 39, 124, 501, 280, 68, 228, 272, 235, 463]
[160, 39, 143, 38, 123, 502, 280, 69, 228, 275, 234, 455]
[160, 39, 144, 38, 123, 502, 280, 68, 228, 276, 233, 452]
[159, 39, 146, 39, 124, 501, 280, 68, 228, 271, 234, 465]
[161, 39, 142, 36, 121, 501, 279, 70, 230, 279, 232, 442]
[158, 38, 144, 39, 125, 501, 279, 68, 228, 272, 235, 462]
[160, 39, 144, 39, 122, 502, 280, 69, 229, 275, 233, 455]
[160, 37, 143, 37, 121, 502, 280, 69, 229, 276, 233, 451]
[159, 37, 145, 39, 125, 501, 280, 68, 228, 271, 234, 466]
[161, 39, 141, 36, 121, 501, 280, 68, 229, 279, 233, 442]
[159, 38, 145, 40, 126, 501, 281, 68, 228, 272, 235, 465]
[159, 39, 144, 38, 124, 502, 280, 69, 229, 275, 234, 455]
[161, 38, 144, 37, 125, 501, 281, 69, 228, 276, 234, 453]
[161, 38, 145, 38, 127, 500, 279, 69, 228, 271, 234, 469]
[163, 39, 141, 35, 122, 501, 281, 69, 230, 279, 234, 445]
[159, 38, 146, 39, 127, 501, 280, 68, 228, 272, 235, 468]
[161, 39, 143, 37, 125, 501, 279, 68, 229, 275, 233, 459]
[160, 39, 143, 37, 126, 501, 279, 69, 228, 276, 234, 458]
[160, 37, 146, 39, 127, 501, 280, 68, 228, 271, 235, 470]
[162, 39, 142, 37, 123, 502, 280, 69, 230, 278, 233, 446]
[160, 39, 146, 39, 127, 501, 280, 68, 228, 272, 234, 467]
[160, 39, 143, 37, 126, 502, 281, 69, 229, 275, 233, 455]
[161, 39, 144, 38, 125, 501, 279, 69, 229, 276, 233, 453]
[159, 37, 145, 39, 130, 501, 280, 68, 228, 271, 234, 464]
[161, 39, 143, 36, 126, 502, 279, 70, 229, 278, 232, 439]
[159, 37, 146, 38, 131, 500, 280, 68, 228, 272, 235, 460]
[160, 39, 143, 38, 129, 500, 279, 70, 229, 276, 234, 449]
[160, 38, 144, 35, 131, 500, 280, 68, 229, 276, 233, 446]
[159, 37, 145, 37, 134, 500, 280, 69, 228, 272, 234, 459]
[161, 38, 142, 30, 129, 499, 279, 69, 228, 278, 233, 435]
[159, 37, 145, 32, 137, 497, 279, 68, 228, 272, 235, 458]
[161, 39, 143, 29, 136, 496, 279, 68, 229, 276, 233, 443]
[160, 39, 142, 30, 138, 496, 280, 68, 228, 276, 233, 443]
[159, 37, 146, 33, 143, 496, 279, 68, 228, 272, 235, 455]
[162, 40, 142, 27, 139, 497, 280, 68, 230, 279, 233, 432]
[160, 38, 145, 32, 145, 494, 280, 69, 228, 271, 235, 453]
[160, 40, 144, 26, 143, 494, 280, 69, 229, 276, 234, 441]
[159, 39, 143, 24, 145, 494, 279, 68, 229, 275, 233, 444]
[159, 38, 146, 28, 149, 494, 279, 69, 228, 271, 235, 456]
[162, 39, 141, 18, 143, 495, 280, 68, 229, 278, 232, 432]
[160, 38, 146, 31, 148, 493, 280, 68, 228, 271, 234, 455]
[159, 39, 143, 23, 144, 494, 280, 68, 228, 276, 235, 442]
[159, 39, 143, 25, 147, 494, 280, 69, 228, 275, 234, 447]
[160, 38, 145, 31, 150, 493, 280, 67, 228, 271, 235, 457]
[162, 40, 142, 23, 144, 496, 279, 68, 229, 278, 233, 434]
[159, 37, 146, 33, 150, 494, 279, 68, 228, 271, 234, 457]
[161, 40, 142, 28, 145, 494, 279, 69, 228, 276, 233, 443]
[159, 38, 144, 31, 147, 494, 280, 69, 229, 274, 233, 450]
[159, 37, 146, 34, 149, 494, 279, 68, 229, 271, 234, 459]
[162, 39, 141, 28, 145, 495, 281, 69, 229, 278, 233, 438]
[159, 39, 145, 35, 150, 493, 280, 68, 228, 271, 234, 459]
[162, 39, 142, 32, 146, 495, 279, 69, 228, 276, 234, 447]
[161, 38, 144, 32, 147, 495, 279, 68, 228, 275, 234, 451]
[160, 37, 145, 35, 148, 494, 279, 68, 228, 273, 234, 462]
[162, 38, 142, 32, 145, 496, 279, 69, 229, 279, 232, 440]
[159, 38, 146, 36, 149, 494, 281, 69, 228, 271, 235, 463]
[161, 39, 144, 32, 145, 496, 280, 69, 229, 276, 234, 449]
[160, 38, 144, 32, 147, 495, 279, 68, 228, 275, 234, 454]
[160, 39, 145, 33, 149, 494, 279, 68, 228, 271, 235, 462]
[161, 39, 142, 27, 144, 496, 279, 68, 229, 278, 233, 441]
[159, 37, 146, 33, 150, 494, 280, 68, 228, 272, 234, 463]
[162, 39, 143, 28, 146, 495, 281, 69, 229, 276, 234, 447]
[161, 39, 144, 29, 148, 496, 280, 69, 228, 274, 234, 452]
[160, 38, 145, 29, 151, 494, 279, 68, 228, 271, 235, 459]
[162, 39, 142, 19, 146, 495, 279, 70, 229, 279, 233, 436]
[159, 39, 146, 27, 153, 493, 280, 68, 228, 271, 234, 458]
[161, 38, 143, 5, 148, 495, 280, 70, 229, 276, 234, 439]
[160, 38, 144, 5, 152, 495, 279, 69, 229, 275, 234, 442]
[159, 38, 145, 23, 153, 493, 280, 68, 228, 272, 235, 452]
[160, 39, 141, 9, 148, 495, 280, 68, 229, 279, 233, 427]
[159, 38, 146, 22, 155, 493, 280, 69, 228, 272, 235, 448]
[162, 38, 143, 18, 149, 494, 281, 68, 229, 276, 234, 432]
[159, 39, 144, 26, 153, 494, 279, 69, 229, 275, 233, 436]
[159, 38, 145, 31, 155, 494, 279, 68, 228, 271, 233, 445]
[161, 39, 142, 21, 150, 496, 280, 69, 230, 278, 232, 424]
[160, 39, 146, 29, 154, 494, 280, 68, 228, 272, 235, 446]
[164, 39, 143, 22, 150, 494, 279, 69, 227, 277, 234, 430]
[162, 37, 144, 26, 151, 494, 279, 69, 228, 274, 234, 436]
[161, 39, 146, 33, 153, 493, 279, 68, 228, 272, 235, 445]
[163, 38, 142, 25, 149, 495, 279, 68, 228, 279, 232, 423]
[160, 39, 146, 33, 153, 493, 280, 68, 228, 271, 234, 446]
[162, 39, 143, 25, 149, 495, 280, 69, 229, 277, 234, 431]
[161, 38, 144, 31, 151, 494, 280, 69, 228, 275, 234, 439]
[161, 38, 145, 33, 152, 493, 280, 69, 228, 272, 235, 446]
[164, 39, 142, 26, 147, 495, 279, 69, 230, 278, 233, 428]
[160, 38, 145, 32, 153, 493, 280, 68, 228, 271, 235, 450]
[162, 38, 142, 25, 146, 494, 280, 68, 229, 277, 233, 433]
[162, 38, 143, 28, 150, 494, 280, 68, 228, 274, 234, 442]
[160, 38, 145, 30, 151, 494, 280, 68, 228, 273, 234, 448]
[160, 38, 141, 24, 147, 495, 280, 68, 229, 278, 232, 426]
[159, 38, 146, 34, 151, 493, 280, 68, 228, 271, 234, 449]
[161, 39, 142, 29, 146, 495, 278, 69, 229, 277, 234, 432]
[160, 38, 144, 29, 149, 494, 280, 68, 229, 274, 233, 439]
[160, 37, 145, 31, 152, 494, 279, 68, 228, 272, 234, 442]
[163, 38, 141, 25, 146, 495, 280, 69, 229, 278, 233, 421]
[160, 38, 146, 32, 153, 493, 280, 68, 227, 271, 235, 443]
[161, 39, 143, 24, 147, 495, 280, 69, 229, 277, 234, 423]
[161, 38, 144, 26, 152, 494, 279, 69, 228, 274, 234, 432]
[160, 38, 145, 29, 153, 492, 280, 68, 228, 274, 234, 438]
[162, 38, 141, 20, 150, 495, 280, 68, 230, 278, 233, 414]
[158, 38, 146, 27, 154, 493, 279, 68, 228, 271, 236, 435]
[160, 39, 142, 3, 148, 494, 280, 69, 229, 278, 233, 416]
[159, 38, 144, 23, 153, 494, 280, 69, 229, 275, 234, 424]
[161, 38, 145, 25, 155, 492, 280, 68, 228, 273, 234, 429]
[160, 39, 141, 24, 150, 494, 280, 69, 229, 278, 233, 409]
[159, 37, 146, 29, 155, 492, 280, 68, 228, 271, 234, 433]
[163, 38, 142, 19, 150, 495, 280, 70, 229, 277, 232, 411]
[161, 37, 145, 25, 154, 494, 279, 69, 228, 274, 233, 421]
[161, 38, 145, 29, 155, 492, 280, 68, 228, 274, 234, 428]
[162, 39, 142, 19, 150, 494, 280, 68, 228, 278, 233, 409]
[159, 37, 146, 29, 157, 492, 280, 68, 228, 271, 233, 430]
[161, 39, 142, 18, 150, 494, 280, 68, 229, 278, 232, 407]
[159, 39, 145, 29, 154, 492, 281, 69, 229, 274, 234, 421]
[159, 38, 145, 27, 154, 492, 280, 69, 228, 274, 234, 424]
[162, 38, 142, 18, 150, 494, 279, 68, 230, 277, 232, 406]
[160, 38, 146, 29, 155, 492, 281, 68, 228, 271, 234, 428]
[162, 39, 141, 19, 150, 494, 280, 68, 228, 278, 233, 407]
[159, 38, 144, 23, 155, 492, 279, 68, 228, 274, 234, 418]
[159, 38, 144, 24, 155, 492, 280, 68, 229, 274, 234, 421]
[161, 39, 143, 18, 151, 494, 280, 68, 229, 277, 232, 404]
[158, 37, 146, 31, 156, 492, 281, 68, 228, 271, 233, 424]
[160, 38, 141, 24, 150, 494, 279, 70, 229, 278, 232, 403]
[159, 38, 145, 31, 155, 492, 279, 69, 228, 273, 234, 415]
[160, 38, 144, 30, 154, 492, 281, 69, 228, 273, 233, 417]
[162, 38, 142, 22, 152, 494, 281, 69, 229, 277, 233, 402]
[160, 38, 147, 33, 157, 492, 280, 68, 228, 271, 234, 421]
[162, 40, 141, 26, 151, 494, 278, 69, 229, 278, 233, 399]
[160, 37, 145, 32, 154, 492, 279, 68, 228, 273, 233, 413]
[160, 39, 144, 31, 155, 492, 280, 69, 228, 274, 234, 413]
[160, 39, 143, 26, 153, 494, 279, 69, 229, 277, 233, 400]
[159, 37, 145, 32, 157, 492, 278, 68, 228, 271, 234, 419]
[161, 39, 141, 21, 151, 494, 279, 68, 229, 278, 232, 396]
[161, 38, 145, 28, 157, 492, 280, 69, 229, 273, 234, 411]
[159, 39, 143, 26, 156, 492, 279, 68, 228, 274, 233, 410]
[161, 39, 143, 20, 155, 493, 279, 68, 229, 277, 233, 398]
[159, 38, 146, 31, 159, 492, 279, 68, 228, 271, 234, 417]
[159, 38, 142, 21, 152, 493, 280, 69, 229, 279, 232, 394]
[158, 38, 145, 29, 158, 492, 279, 68, 228, 273, 233, 411]
[159, 38, 143, 30, 157, 492, 281, 69, 229, 274, 233, 408]
[158, 39, 143, 27, 155, 493, 279, 68, 229, 277, 233, 397]
[157, 37, 146, 34, 159, 490, 279, 68, 228, 271, 233, 415]
[159, 39, 141, 26, 153, 493, 280, 68, 228, 279, 232, 391]
[158, 39, 145, 31, 158, 491, 279, 68, 228, 273, 232, 408]
[159, 38, 144, 31, 156, 492, 281, 69, 228, 274, 233, 404]
[162, 38, 144, 29, 155, 492, 279, 69, 228, 276, 232, 396]
[158, 38, 146, 35, 159, 491, 279, 68, 228, 272, 233, 412]
[160, 39, 142, 29, 154, 492, 280, 69, 230, 279, 233, 389]
[159, 38, 145, 33, 159, 490, 279, 69, 228, 274, 232, 407]
[159, 39, 144, 31, 156, 491, 279, 68, 228, 274, 232, 403]
[160, 38, 143, 30, 156, 493, 279, 69, 229, 276, 232, 392]
[158, 38, 146, 33, 160, 490, 279, 68, 228, 272, 233, 409]
[160, 39, 141, 21, 153, 494, 280, 68, 229, 279, 232, 387]
[158, 39, 145, 32, 158, 491, 279, 68, 228, 274, 233, 403]
[160, 38, 144, 29, 158, 491, 280, 69, 228, 275, 233, 398]
[160, 39, 143, 28, 156, 492, 280, 68, 228, 277, 232, 390]
[158, 37, 146, 33, 161, 490, 280, 68, 228, 271, 233, 407]
[161, 39, 143, 27, 155, 492, 280, 69, 229, 279, 232, 383]
[157, 38, 145, 33, 159, 490, 280, 67, 228, 272, 232, 401]
[161, 39, 144, 32, 159, 490, 279, 68, 229, 275, 232, 395]
[158, 39, 144, 29, 157, 492, 279, 69, 229, 276, 231, 388]
[158, 38, 146, 34, 161, 490, 280, 68, 228, 271, 233, 406]
[160, 39, 142, 29, 154, 492, 280, 69, 230, 279, 232, 382]
[159, 38, 145, 33, 161, 489, 279, 68, 228, 273, 232, 402]
[159, 38, 144, 32, 158, 490, 280, 69, 228, 274, 234, 394]
[159, 38, 143, 30, 158, 491, 280, 69, 230, 276, 231, 387]
[159, 38, 146, 35, 161, 489, 280, 68, 228, 271, 233, 403]
[160, 40, 142, 30, 156, 492, 279, 69, 229, 280, 232, 380]
[159, 38, 145, 36, 162, 489, 280, 68, 228, 273, 233, 398]
[161, 38, 144, 34, 160, 490, 279, 68, 228, 275, 232, 394]
[162, 38, 144, 34, 159, 490, 280, 68, 229, 276, 232, 387]
[159, 38, 146, 37, 163, 488, 279, 68, 228, 271, 233, 402]
[160, 40, 142, 33, 159, 491, 279, 69, 230, 279, 231, 379]
[159, 38, 147, 36, 163, 489, 280, 69, 228, 272, 232, 399]
[160, 39, 145, 35, 161, 488, 279, 68, 228, 275, 232, 390]
[158, 38, 144, 34, 161, 488, 279, 68, 229, 276, 232, 386]
[159, 38, 146, 38, 163, 487, 280, 68, 228, 271, 232, 402]
[161, 39, 141, 33, 160, 489, 279, 69, 228, 279, 231, 378]
[159, 38, 145, 36, 163, 488, 279, 68, 228, 272, 232, 396]
[160, 38, 144, 44, 162, 488, 279, 69, 228, 275, 232, 389]
[160, 38, 143, 37, 163, 488, 278, 68, 229, 276, 231, 386]
[159, 37, 145, 37, 164, 487, 281, 68, 228, 271, 233, 399]
[161, 38, 142, 32, 161, 490, 280, 69, 228, 278, 230, 376]
[159, 37, 145, 36, 165, 487, 280, 68, 229, 272, 233, 396]
[159, 39, 145, 35, 162, 489, 279, 69, 228, 275, 232, 386]
[160, 39, 145, 35, 163, 488, 279, 68, 229, 276, 231, 386]
[157, 38, 146, 35, 165, 486, 280, 68, 229, 271, 232, 398]
[159, 39, 142, 36, 160, 490, 280, 69, 230, 278, 231, 375]
[157, 38, 145, 39, 165, 488, 279, 68, 228, 272, 233, 396]
[159, 39, 144, 37, 161, 489, 280, 68, 229, 276, 233, 386]
[161, 39, 144, 36, 163, 488, 280, 67, 229, 276, 231, 384]
[159, 37, 146, 39, 164, 486, 279, 68, 228, 271, 233, 396]
[161, 40, 142, 35, 160, 489, 280, 69, 230, 279, 230, 374]
[160, 37, 146, 37, 165, 487, 280, 68, 228, 272, 232, 394]
[160, 39, 143, 37, 162, 488, 280, 70, 229, 276, 232, 383]
[158, 38, 144, 37, 163, 488, 280, 69, 229, 275, 232, 384]
[159, 38, 146, 38, 165, 487, 278, 68, 228, 272, 232, 396]
[159, 39, 142, 36, 161, 489, 279, 69, 229, 279, 231, 373]
[158, 37, 146, 39, 165, 486, 279, 68, 228, 272, 232, 394]
[160, 39, 143, 34, 163, 488, 280, 68, 228, 276, 232, 382]
[160, 37, 145, 37, 165, 488, 280, 68, 229, 277, 231, 384]
[158, 38, 146, 38, 166, 486, 279, 68, 228, 272, 232, 394]
[161, 39, 141, 35, 163, 488, 280, 69, 229, 279, 230, 372]
[159, 38, 146, 38, 167, 485, 279, 67, 228, 273, 233, 392]
[159, 39, 143, 34, 164, 486, 278, 68, 229, 277, 232, 382]
[160, 39, 145, 36, 166, 486, 280, 69, 228, 275, 231, 382]
[159, 39, 146, 36, 167, 484, 281, 68, 228, 273, 233, 394]
[160, 40, 142, 33, 164, 487, 281, 68, 230, 279, 229, 372]
[159, 38, 146, 45, 167, 484, 280, 68, 228, 273, 232, 392]
[160, 38, 143, 36, 165, 485, 281, 68, 229, 277, 231, 380]
[158, 39, 144, 34, 165, 486, 279, 69, 228, 276, 230, 382]
[157, 38, 145, 36, 167, 483, 281, 68, 228, 273, 232, 392]
[159, 39, 141, 34, 164, 486, 281, 69, 229, 280, 229, 371]
[157, 38, 146, 37, 167, 482, 281, 68, 228, 274, 232, 391]
[159, 38, 142, 35, 164, 484, 280, 68, 229, 277, 230, 377]
[159, 38, 145, 36, 165, 484, 281, 69, 228, 276, 230, 380]
[158, 39, 145, 40, 167, 482, 280, 68, 228, 274, 232, 390]
[160, 39, 143, 60, 163, 484, 280, 69, 230, 281, 229, 370]
[158, 37, 146, 36, 167, 481, 279, 68, 228, 273, 231, 389]
[158, 38, 143, 32, 164, 482, 281, 68, 230, 277, 231, 376]
[159, 37, 144, 32, 165, 480, 280, 67, 228, 276, 231, 380]
[158, 39, 146, 34, 167, 478, 280, 68, 228, 274, 232, 388]
[160, 37, 142, 34, 163, 480, 280, 69, 230, 281, 229, 369]
[159, 39, 146, 37, 167, 476, 279, 68, 228, 274, 232, 389]
[161, 39, 144, 35, 164, 478, 280, 68, 229, 280, 231, 375]
[160, 38, 144, 35, 166, 476, 279, 68, 228, 277, 230, 378]
[158, 39, 146, 37, 166, 473, 279, 68, 228, 273, 232, 388]
[159, 39, 143, 35, 163, 475, 281, 69, 229, 281, 228, 368]
[159, 38, 146, 37, 167, 470, 278, 69, 228, 274, 231, 389]
[160, 39, 143, 35, 164, 472, 279, 68, 229, 280, 230, 373]
[159, 38, 143, 36, 166, 470, 280, 67, 229, 278, 230, 378]
[157, 38, 145, 36, 167, 468, 281, 68, 228, 276, 232, 387]
[159, 38, 142, 34, 163, 469, 281, 69, 228, 283, 228, 370]
[157, 38, 146, 32, 167, 467, 279, 69, 228, 275, 232, 389]
[159, 39, 143, 24, 165, 468, 280, 69, 229, 281, 230, 374]
[159, 38, 145, 26, 167, 466, 280, 69, 228, 279, 230, 379]
[159, 38, 146, 32, 167, 465, 281, 69, 228, 277, 232, 386]
[161, 39, 141, 21, 165, 466, 280, 69, 230, 283, 227, 368]
[158, 37, 146, 31, 168, 465, 281, 68, 228, 276, 231, 385]
[159, 39, 144, 25, 165, 465, 281, 69, 228, 282, 230, 371]
[158, 38, 145, 27, 165, 464, 280, 68, 228, 280, 228, 379]
[160, 39, 146, 30, 167, 465, 280, 68, 228, 279, 231, 385]
[161, 38, 142, 22, 165, 465, 279, 69, 229, 285, 227, 367]
[160, 38, 146, 31, 166, 465, 279, 68, 228, 277, 230, 386]
[161, 39, 143, 24, 165, 465, 280, 68, 229, 284, 228, 372]
[160, 39, 145, 27, 166, 464, 281, 68, 228, 281, 228, 376]
[157, 39, 146, 30, 167, 464, 280, 69, 228, 279, 231, 384]
[161, 37, 142, 22, 164, 465, 280, 69, 230, 285, 225, 365]
[158, 38, 146, 31, 167, 464, 280, 68, 228, 279, 230, 384]
[159, 38, 143, 24, 165, 465, 280, 68, 229, 283, 228, 370]
[159, 38, 144, 28, 166, 464, 281, 67, 228, 282, 229, 375]
[158, 38, 144, 30, 167, 464, 280, 69, 228, 279, 231, 384]
[160, 38, 142, 22, 165, 465, 280, 69, 228, 286, 224, 365]
[156, 38, 147, 31, 168, 465, 281, 68, 228, 279, 230, 384]
[158, 38, 143, 25, 165, 465, 279, 69, 229, 284, 227, 370]
[159, 39, 145, 28, 166, 465, 280, 67, 228, 281, 229, 376]
[158, 38, 145, 29, 167, 464, 281, 68, 228, 280, 229, 382]
[159, 39, 143, 23, 165, 465, 280, 69, 229, 285, 225, 365]
[158, 38, 146, 31, 167, 464, 280, 69, 228, 279, 230, 383]
[160, 39, 143, 24, 165, 465, 279, 69, 229, 286, 227, 367]
[158, 38, 145, 27, 166, 464, 280, 68, 229, 282, 227, 375]
[159, 38, 146, 30, 166, 464, 280, 69, 228, 281, 230, 380]
[162, 39, 142, 22, 165, 465, 281, 69, 229, 286, 223, 365]
[158, 38, 147, 31, 167, 465, 279, 68, 228, 279, 230, 383]
[159, 38, 143, 22, 165, 465, 280, 69, 229, 286, 226, 367]
[157, 38, 145, 27, 166, 464, 280, 69, 228, 282, 228, 376]
[158, 39, 145, 30, 167, 465, 280, 68, 228, 281, 228, 382]
[159, 39, 144, 21, 165, 466, 280, 69, 229, 287, 223, 366]
[158, 38, 147, 30, 168, 466, 280, 68, 228, 280, 229, 383]
[161, 39, 143, 22, 164, 465, 281, 68, 228, 287, 225, 366]
[160, 38, 145, 27, 166, 465, 280, 68, 228, 284, 227, 376]
[160, 38, 145, 29, 167, 465, 280, 67, 228, 282, 229, 382]
[160, 38, 143, 21, 165, 465, 280, 68, 229, 288, 223, 365]
[159, 38, 146, 31, 167, 465, 280, 68, 228, 281, 228, 384]
[161, 39, 143, 21, 164, 465, 280, 69, 229, 288, 225, 367]
[160, 38, 145, 26, 168, 465, 280, 68, 228, 284, 226, 377]
[160, 38, 145, 29, 167, 465, 280, 68, 228, 282, 228, 380]
[161, 39, 143, 21, 166, 465, 279, 69, 229, 288, 222, 367]
[159, 37, 146, 31, 167, 466, 279, 68, 228, 281, 228, 386]
[161, 39, 143, 23, 165, 465, 280, 69, 229, 288, 224, 365]
[159, 39, 145, 27, 166, 464, 281, 68, 228, 283, 226, 378]
[159, 39, 145, 27, 167, 465, 280, 68, 228, 284, 229, 378]
[161, 39, 143, 21, 165, 465, 279, 68, 229, 288, 222, 366]
[160, 38, 147, 30, 168, 465, 279, 67, 228, 282, 229, 384]
[162, 39, 143, 21, 165, 465, 279, 69, 229, 287, 224, 366]
[159, 39, 146, 26, 167, 465, 279, 68, 228, 285, 226, 376]
[158, 39, 145, 28, 167, 465, 281, 68, 229, 284, 228, 378]
[162, 38, 143, 21, 166, 465, 280, 68, 229, 288, 222, 364]
[159, 39, 146, 31, 168, 466, 280, 67, 228, 282, 229, 381]
[162, 39, 142, 22, 165, 465, 280, 69, 229, 289, 223, 363]
[161, 38, 145, 25, 167, 465, 280, 67, 228, 284, 227, 376]
[161, 39, 145, 27, 167, 465, 279, 68, 229, 285, 228, 376]
[162, 38, 143, 22, 166, 466, 280, 69, 229, 288, 222, 363]
[160, 38, 147, 30, 168, 466, 280, 68, 228, 283, 228, 383]
[162, 39, 142, 20, 165, 466, 281, 68, 230, 289, 224, 363]
[159, 38, 145, 26, 167, 466, 281, 69, 229, 284, 227, 376]
[159, 39, 145, 26, 167, 467, 281, 68, 229, 285, 227, 376]
[162, 39, 144, 22, 165, 466, 280, 69, 229, 288, 222, 365]
[159, 37, 147, 29, 168, 467, 279, 67, 229, 283, 228, 381]
[162, 39, 143, 21, 165, 467, 279, 69, 230, 289, 222, 363]
[161, 39, 145, 26, 168, 468, 280, 68, 228, 285, 226, 377]
[161, 39, 146, 26, 168, 468, 279, 68, 229, 285, 227, 377]
[162, 39, 144, 22, 166, 467, 280, 69, 230, 290, 222, 365]
[160, 38, 146, 28, 169, 467, 279, 67, 229, 284, 227, 383]
[162, 39, 142, 20, 166, 468, 280, 69, 229, 290, 224, 365]
[159, 39, 145, 25, 167, 467, 280, 69, 229, 285, 225, 378]
[158, 39, 145, 26, 167, 468, 280, 68, 228, 286, 227, 379]
[161, 38, 144, 21, 166, 469, 280, 69, 230, 289, 221, 367]
[159, 38, 147, 30, 168, 467, 279, 67, 229, 284, 228, 386]
[162, 39, 142, 19, 166, 469, 279, 69, 229, 290, 222, 366]
[160, 38, 145, 26, 168, 469, 280, 68, 229, 286, 226, 379]
[161, 38, 145, 26, 168, 469, 280, 68, 230, 286, 228, 380]
[161, 39, 144, 21, 166, 470, 280, 69, 230, 290, 222, 369]
[159, 38, 147, 28, 168, 454, 279, 68, 229, 285, 229, 387]
[162, 39, 143, 20, 167, 470, 280, 68, 230, 290, 222, 367]
[160, 37, 145, 27, 167, 468, 279, 68, 230, 286, 226, 380]
[160, 38, 145, 26, 167, 470, 279, 68, 229, 286, 227, 378]
[161, 39, 144, 21, 165, 471, 280, 69, 230, 289, 223, 370]
[158, 38, 147, 29, 168, 431, 280, 67, 228, 285, 229, 386]
[162, 39, 142, 20, 165, 471, 280, 68, 230, 292, 222, 365]
[161, 37, 145, 27, 167, 444, 279, 68, 229, 286, 226, 380]
[161, 39, 144, 25, 167, 451, 280, 68, 229, 287, 227, 378]
[161, 39, 144, 21, 166, 472, 279, 68, 230, 289, 222, 371]
[159, 38, 147, 29, 168, 412, 280, 67, 229, 285, 228, 384]
[160, 39, 142, 19, 165, 472, 280, 68, 230, 291, 222, 365]
[160, 38, 146, 26, 167, 427, 280, 67, 229, 286, 227, 379]
[160, 39, 146, 24, 167, 445, 280, 69, 229, 287, 226, 376]
[160, 39, 145, 21, 166, 470, 279, 68, 230, 289, 222, 368]
[159, 38, 147, 28, 168, 403, 279, 68, 228, 286, 228, 383]
[160, 38, 142, 19, 164, 472, 279, 68, 230, 292, 222, 363]
[159, 37, 147, 26, 167, 419, 279, 68, 229, 286, 226, 378]
[159, 40, 145, 25, 166, 440, 279, 68, 229, 288, 227, 374]
[160, 39, 145, 20, 165, 467, 279, 69, 229, 289, 221, 366]
[157, 38, 147, 27, 167, 398, 280, 67, 229, 286, 227, 382]
[160, 38, 142, 19, 166, 473, 279, 68, 230, 292, 221, 362]
[159, 37, 145, 27, 167, 412, 279, 69, 229, 286, 226, 377]
[159, 38, 144, 24, 166, 436, 279, 69, 230, 288, 226, 374]
[159, 38, 144, 22, 166, 457, 280, 68, 230, 289, 222, 368]
[157, 38, 147, 28, 167, 389, 279, 68, 229, 286, 228, 382]
[160, 38, 142, 19, 165, 473, 279, 68, 230, 292, 220, 363]
[158, 38, 146, 26, 168, 403, 280, 68, 229, 287, 227, 379]
[160, 39, 144, 23, 167, 429, 280, 69, 229, 289, 226, 374]
[159, 39, 145, 22, 167, 445, 280, 69, 229, 289, 223, 368]
[157, 39, 147, 28, 167, 375, 280, 67, 230, 286, 228, 384]
[160, 39, 142, 18, 165, 470, 280, 69, 230, 292, 222, 362]
[159, 38, 146, 27, 167, 384, 279, 68, 229, 286, 226, 381]
[160, 40, 144, 23, 167, 416, 279, 68, 230, 289, 226, 375]
[160, 38, 145, 22, 166, 426, 279, 69, 230, 289, 223, 372]
[157, 38, 147, 30, 168, 360, 280, 67, 229, 287, 229, 385]
[160, 39, 143, 19, 166, 458, 280, 68, 230, 292, 222, 365]
[159, 38, 147, 28, 168, 365, 280, 68, 230, 288, 228, 384]
[160, 39, 145, 24, 167, 404, 280, 68, 229, 290, 226, 376]
[160, 38, 145, 23, 167, 405, 279, 68, 230, 290, 224, 376]
[158, 38, 147, 28, 167, 340, 281, 68, 230, 287, 229, 387]
[162, 39, 143, 20, 167, 442, 279, 70, 230, 292, 222, 366]
